VARIABLES=x,y,z,n,rho,u,v,w,t,p
 ZONE f=point,i=   301
   5.0500000000000003E-002   0.0000000000000000        5.0000000000000001E-003   0.0000000000000000        2.6711528422846510E-002   0.0000000000000000        0.0000000000000000        0.0000000000000000        97.500000000000000        747.59216976710059     
   5.0499999999999996E-002   5.0000000000047474E-007   5.0000000000000001E-003   5.0000000000047474E-007   2.6515863882942782E-002   2.4602656992033993       -1.0591034655182360E-003   1.5539879466984543E-017   98.219452597188535        747.59205910739104     
   5.0499999999999996E-002   1.5005216722484662E-006   5.0000000000000001E-003   1.5005216722484662E-006   2.6143757401526517E-002   7.3106650201467520       -3.4041209617458664E-004   4.7718763045674856E-017   99.620476424780520        747.61500383375517     
   5.0500000000000003E-002   2.5026089055242698E-006   5.0000000000000001E-003   2.5026089055242698E-006   2.5789932802846055E-002   12.099915640489490       -3.4670918043655871E-005   7.9508782219526539E-017   100.98691466439172        747.61275773016962     
   5.0500000000000003E-002   3.5073072220112986E-006   5.0000000000000001E-003   3.5073072220112986E-006   2.5453454647841586E-002   16.836415685870485        7.4563607243191112E-005   1.1098591953866321E-016   102.32176408453192        747.61179278910697     
   5.0500000000000003E-002   4.5156648681710997E-006   5.0000000000000001E-003   4.5156648681710997E-006   2.5132668275266321E-002   21.528027867781123        1.4973353883000339E-004   1.4220144637507331E-016   103.62775015560428        747.61164557714164     
   5.0500000000000003E-002   5.5287339084241296E-006   5.0000000000000001E-003   5.5287339084241296E-006   2.4826114476354934E-002   26.182146616764591        2.2530816832240418E-004   1.7320392900460675E-016   104.90735753951003        747.61170267613750     
   5.0500000000000003E-002   6.5475713227475952E-006   5.0000000000000001E-003   6.5475713227475952E-006   2.4532520125379410E-002   30.805755532156894        3.1095568730002009E-004   2.0403956627868679E-016   106.16285588170841        747.61179763254040     
   5.0499999999999996E-002   7.5732401095395374E-006   5.0000000000000001E-003   7.5732401095395374E-006   2.4250763167715766E-002   35.405476760989508        4.1022551342002661E-004   2.3475273348898369E-016   107.39632175487891        747.61190254323958     
   5.0499999999999996E-002   8.6068103947032988E-006   5.0000000000000001E-003   8.6068103947032988E-006   2.3979848522099431E-002   39.987613627373165        5.2362130785826009E-004   2.6538608182940909E-016   108.60965727750677        747.61200748688486     
   5.0499999999999996E-002   9.6493605481044882E-006   5.0000000000000001E-003   9.6493605481044882E-006   2.3718891090098754E-002   44.558187611833787        6.5099367382057973E-004   2.9158856756638125E-016   109.80460608486986        747.61211179215377     
   5.0499999999999996E-002   1.0701978308684737E-005   5.0000000000000001E-003   1.0701978308684737E-005   2.3467101491900507E-002   49.122970580147900        7.9243482534122848E-004   3.1483871105403900E-016   110.98276698080025        747.61221618517015     
   5.0500000000000003E-002   1.1765761919398397E-005   5.0000000000000001E-003   1.1765761919398397E-005   2.3223774190956278E-002   53.687512998537677        9.4813904359172449E-004   3.3663693490613038E-016   112.14560564091975        747.61232105188299     
   5.0500000000000003E-002   1.2841821273033417E-005   5.0000000000000001E-003   1.2841821273033417E-005   2.2988277476052702E-002   58.257168731984365        1.1183946734704205E-003   3.5847894857306432E-016   113.29446465171830        747.61242668773093     
   5.0499999999999996E-002   1.3931279070162694E-005   5.0000000000000001E-003   1.3931279070162694E-005   2.2760044917033602E-002   62.837116955757459        1.3035671051825253E-003   3.8039016858707559E-016   114.43057211946545        747.61253330086356     
   5.0499999999999996E-002   1.5035271990591407E-005   5.0000000000000001E-003   1.5035271990591407E-005   2.2538568053139273E-002   67.432381551824562        1.5040879970280746E-003   3.9800370496271960E-016   115.55504904230118        747.61264106120814     
   5.0499999999999996E-002   1.6154951879258187E-005   5.0000000000000001E-003   1.6154951879258187E-005   2.2323390109368412E-002   72.047848355480724        1.7204524716440269E-003   4.1571522325815657E-016   116.66891560539059        747.61275013323893     
   5.0499999999999996E-002   1.7291486947996527E-005   5.0000000000000001E-003   1.7291486947996527E-005   2.2114100575654206E-002   76.688280532149562        1.9532196352388944E-003   4.2910072313908677E-016   117.77309653252362        747.61286068588140     
   5.0499999999999996E-002   1.8446062994432081E-005   5.0000000000000001E-003   1.8446062994432081E-005   2.1910330514264022E-002   81.358332320049769        2.2030139456563117E-003   4.4257749359098121E-016   118.86842560530773        747.61297289358072     
   5.0499999999999996E-002   1.9619884639107963E-005   5.0000000000000001E-003   1.9619884639107963E-005   2.1711748484626654E-002   86.062561333893072        2.4705268251544428E-003   4.5615834789331471E-016   119.95564944273598        747.61308693617559     
   5.0499999999999996E-002   2.0814176582378881E-005   5.0000000000000001E-003   2.0814176582378881E-005   2.1518056993825675E-002   90.805439592822822        2.7565185459087304E-003   4.6985579235721438E-016   121.03543061928774        747.61320299936369     
   5.0499999999999996E-002   2.2030184882168268E-005   5.0000000000000001E-003   2.2030184882168268E-005   2.1328989396641816E-002   95.591363405228464        3.0618204719378306E-003   4.8368207309582883E-016   122.10835018676372        747.61332127558455     
   5.0500000000000003E-002   2.3269178254026113E-005   5.0000000000000001E-003   2.3269178254026113E-005   2.1144307181673896E-002   100.42466221970584        3.3873376951378130E-003   4.9764920882093817E-016   123.17490965493128        747.61344196506911     
   5.0499999999999996E-002   2.4532449394886821E-005   5.0000000000000001E-003   2.4532449394886821E-005   2.0963797590479203E-002   105.30960652962287        3.7340520759369016E-003   5.1176901935668828E-016   124.23553247725016        747.61356527700627     
   5.0499999999999996E-002   2.5821316331716883E-005   5.0000000000000001E-003   2.5821316331716883E-005   2.0787271525245010E-002   110.25041489873495        4.1030257019914838E-003   5.2605316111194575E-016   125.29056508041805        747.61369143072704     
   5.0499999999999996E-002   2.7137123796744263E-005   5.0000000000000001E-003   2.7137123796744263E-005   2.0614561707487648E-002   115.25126015988360        4.4954047680065860E-003   5.4369991703142871E-016   126.34027747072869        747.61382065701889     
   5.0499999999999996E-002   2.8481244630461952E-005   5.0000000000000001E-003   2.8481244630461952E-005   2.0445521056195137E-002   120.31627482084947        4.9124238979445720E-003   5.6157492578300990E-016   127.38486344462223        747.61395319954295     
   5.0499999999999996E-002   2.9855081213915846E-005   5.0000000000000001E-003   2.9855081213915846E-005   2.0280021258654721E-002   125.44955569758429        5.3554109282644693E-003   5.7969220140331734E-016   128.42444042676610        747.61408931643643     
   5.0500000000000003E-002   3.1260066931933773E-005   5.0000000000000001E-003   3.1260066931933773E-005   2.0117951511262229E-002   130.65516778103168        5.8257921817554854E-003   5.9806578381385892E-016   129.45904895553514        747.61422928208378     
   5.0499999999999996E-002   3.2697667668650783E-005   5.0000000000000001E-003   3.2697667668650783E-005   1.9959217411064527E-002   135.93714732827607        6.3250982616769322E-003   6.1670680714591396E-016   130.48865183263638        747.61437338897747     
   5.0499999999999996E-002   3.4169383336872300E-005   5.0000000000000001E-003   3.4169383336872300E-005   1.9803739981622853E-002   141.29950415506045        6.8549703865075865E-003   6.3220838371044836E-016   131.51313295152622        747.61452194909350     
   5.0499999999999996E-002   3.5676749443029041E-005   5.0000000000000001E-003   3.5676749443029041E-005   1.9651454819249337E-002   146.74622309271012        7.4171671731790133E-003   6.4794440908435133E-016   132.53229581776674        747.61467529646518     
   5.0499999999999996E-002   3.7221338689242554E-005   5.0000000000000001E-003   3.7221338689242554E-005   1.9502311347769415E-002   152.28126455621637        8.0135720360424035E-003   6.6392208360785364E-016   133.54586177325385        747.61483379365541     
   5.0499999999999996E-002   3.8804762614206495E-005   5.0000000000000001E-003   3.8804762614206495E-005   1.9356272171306348E-002   157.90856415460806        8.6462018696894863E-003   6.8373486961808175E-016   134.55346793596433        747.61499783083036     
   5.0500000000000003E-002   4.0428673274551338E-005   5.0000000000000001E-003   4.0428673274551338E-005   1.9213312516671546E-002   163.63203125717754        9.3172157878997821E-003   7.0386349419912181E-016   135.55466486708482        747.61516782974684     
   5.0499999999999996E-002   4.2094764968520556E-005   5.0000000000000001E-003   4.2094764968520556E-005   1.9073419757706496E-002   169.45554641095566        1.0028924755731718E-002   7.2431576917410008E-016   136.54891397846717        747.61534424829847     
   5.0499999999999996E-002   4.3804776003722329E-005   5.0000000000000001E-003   4.3804776003722329E-005   1.8936593015025760E-002   175.38295748426293        1.0783802151548809E-002   7.4509883585115314E-016   137.53558469508710        747.61552758422113     
   5.0499999999999996E-002   4.5560490510723758E-005   5.0000000000000001E-003   4.5560490510723758E-005   1.8802842825379064E-002   181.41807438911047        1.1584495093618851E-002   7.6621908923081607E-016   138.51395138989923        747.61571837426425     
   5.0499999999999996E-002   4.7363740304598846E-005   5.0000000000000001E-003   4.7363740304598846E-005   1.8672190876238219E-002   187.56466221251517        1.2433835535881701E-002   7.8768208887049281E-016   139.48319011245428        747.61591721552747     
   5.0499999999999996E-002   4.9216406796109816E-005   5.0000000000000001E-003   4.9216406796109816E-005   1.8544669800043032E-002   193.82643255930736        1.3334855086423609E-002   8.0949256539386109E-016   140.44237513739162        747.61612476895925     
   5.0499999999999996E-002   5.1120422954625260E-005   5.0000000000000001E-003   5.1120422954625260E-005   1.8420323024111552E-002   200.20703288240875        1.4290800516112419E-002   8.3165428233106409E-016   141.39047536558363        747.61634175485290     
   5.0500000000000003E-002   5.3077775324907805E-005   5.0000000000000001E-003   5.3077775324907805E-005   1.8299204672445536E-002   206.71003354671009        1.5305148438150491E-002   8.5416993760679031E-016   142.32635061879924        747.61656895375381     
   5.0499999999999996E-002   5.5090506099788200E-005   5.0000000000000001E-003   5.5090506099788200E-005   1.8181379515683778E-002   213.33891234059814        1.6381619437612401E-002   8.8548172439145429E-016   143.24874787872085        747.61680722856488     
   5.0499999999999996E-002   5.7160715250838003E-005   5.0000000000000001E-003   5.7160715250838003E-005   1.8066922965131908E-002   220.09703611637391        1.7524195225425226E-002   9.1727039511070671E-016   144.15629753345920        747.61705758032019     
   5.0499999999999996E-002   5.9290562719353600E-005   5.0000000000000001E-003   5.9290562719353600E-005   1.7955921102084865E-002   226.98763920695694        1.8737146376284163E-002   9.4071795174053344E-016   145.04750970954765        747.61732107241266     
   5.0499999999999996E-002   6.1482270669980751E-005   5.0000000000000001E-003   6.1482270669980751E-005   1.7848470743112042E-002   234.01379823292990        2.0025044146332261E-002   9.6439214814398747E-016   145.92077078513123        747.61759887389132     
   5.0499999999999989E-002   6.3738125809140861E-005   5.0000000000000001E-003   6.3738125809140861E-005   1.7744679537994683E-002   241.17840288396835        2.1392778969408041E-002   9.7454560837348579E-016   146.77434020149050        747.61789255885913     
   5.0499999999999996E-002   6.6060481770858370E-005   5.0000000000000001E-003   6.6060481770858370E-005   1.7644666085239544E-002   248.48412222465467        2.2845646601537303E-002   9.8454619498255620E-016   147.60634771414257        747.61820435582638     
   5.0499999999999996E-002   6.8451761572447303E-005   5.0000000000000001E-003   6.8451761572447303E-005   1.7548560031868565E-002   255.93336630682771        2.4389444721989079E-002   9.8954968654451800E-016   148.41479116753382        747.61853588511497     
   5.0499999999999989E-002   7.0914460142518685E-005   5.0000000000000001E-003   7.0914460142518685E-005   1.7456502199099409E-002   263.52824201235410        2.6030336684673364E-002   9.9409100236088296E-016   149.19753520598371        747.61888867347568     
   5.0499999999999996E-002   7.3451146924064181E-005   5.0000000000000001E-003   7.3451146924064181E-005   1.7368644701758775E-002   271.27050296416979        2.7774864020568762E-002   9.7824381951546073E-016   149.95231099920235        747.61926486423988     
   5.0500000000000003E-002   7.6064468555270086E-005   5.0000000000000001E-003   7.6064468555270086E-005   1.7285151012879939E-002   279.16149314352475        2.9630035336146686E-002   9.5109957109578666E-016   150.67671728729897        747.61966687649533     
   5.0499999999999996E-002   7.8757151630864432E-005   5.0000000000000001E-003   7.8757151630864432E-005   1.7206195977630050E-002   287.20208369687941        3.1603328184600626E-002   9.3256529220495591E-016   151.36822308280901        747.62009708570804     
   5.0499999999999989E-002   8.1532005546909982E-005   5.0000000000000001E-003   8.1532005546909982E-005   1.7131965794654876E-002   295.39260293485728        3.3702784101492862E-002   9.1231429637511476E-016   152.02417240003319        747.62055934640068     
   5.0499999999999996E-002   8.4391925431960270E-005   5.0000000000000001E-003   8.4391925431960270E-005   1.7062657828017760E-002   303.73275825808400        3.5937116774056595E-002   9.2197924440454056E-016   152.64179143997305        747.62105769194488     
   5.0499999999999996E-002   8.7339895167671270E-005   5.0000000000000001E-003   8.7339895167671270E-005   1.6998480326409843E-002   312.22155098562524        3.8315751721696177E-002   9.3011368782050291E-016   153.21819870927806        747.62159700961161     
   5.0500000000000003E-002   9.0378990502032683E-005   5.0000000000000001E-003   9.0378990502032683E-005   1.6939651987788223E-002   320.85718399087187        4.0849018338845293E-002   9.3658358672145589E-016   153.75041858925479        747.62218474139206     
   5.0500000000000003E-002   9.3512382258426080E-005   5.0000000000000001E-003   9.3512382258426080E-005   1.6886401460465213E-002   329.63696273540074        4.3548946178237249E-002   9.4123222995441972E-016   154.23539891181156        747.62283966929613     
   5.0500000000000003E-002   9.6743339643881723E-005   5.0000000000000001E-003   9.6743339643881723E-005   1.6838964939790577E-002   338.55719094908329        4.6429372395672956E-002   9.4387478872220726E-016   154.67003574795177        747.62354115567427     
   5.0499999999999996E-002   1.0007523366000213E-004   5.0000000000000001E-003   1.0007523366000213E-004   1.6797587101779376E-002   347.61306246002908        4.9500963164777617E-002   9.4429317361332593E-016   155.05119635954426        747.62430669282014     
   5.0499999999999996E-002   1.0351154062006596E-004   5.0000000000000001E-003   1.0351154062006596E-004   1.6762518193412346E-002   356.79855161034908        5.2777334720594607E-002   9.4222959237618966E-016   155.37575415510372        747.62514768658264     
   5.0499999999999996E-002   1.0705584577601574E-004   5.0000000000000001E-003   1.0705584577601574E-004   1.6734012005375287E-002   366.10630597897125        5.6273549683990266E-002   9.3738034184339004E-016   155.64062787401753        747.62607473074968     
   5.0499999999999996E-002   1.1071184705911825E-004   5.0000000000000001E-003   1.1071184705911825E-004   1.6712323269632172E-002   375.52754586087929        6.0005887413162803E-002   9.2916556852135091E-016   155.84282718821598        747.62710004076894     
   5.0499999999999996E-002   1.1448335893817033E-004   5.0000000000000001E-003   1.1448335893817033E-004   1.6697704477667136E-002   385.05197634372865        6.3992031528059892E-002   9.1689776443943009E-016   155.97950475235672        747.62823898050931     
   5.0500000000000003E-002   1.1837431639931483E-004   5.0000000000000001E-003   1.1837431639931483E-004   1.6690402195874515E-002   394.66771910693177        6.8251671214908660E-002   8.8743850748509472E-016   156.04801438265068        747.62951549921434     
   5.0499999999999996E-002   1.2238877905160287E-004   5.0000000000000001E-003   1.2238877905160287E-004   1.6690653005407591E-002   404.36127226341716        7.2808650699978272E-002   8.3978423408008113E-016   156.04597488910858        747.63097885016373     
   5.0499999999999996E-002   1.2653093536255089E-004   5.0000000000000001E-003   1.2653093536255089E-004   1.6698673056745120E-002   414.11750849104402        7.7687561115629203E-002   7.9743670559127294E-016   155.97134668247892        747.63250157956600     
   5.0500000000000003E-002   1.3080510702811915E-004   5.0000000000000001E-003   1.3080510702811915E-004   1.6714666504357576E-002   423.91971938817841        8.2895459235839533E-002   7.5893166505112340E-016   155.82247298401612        747.63426561532867     
   5.0499999999999996E-002   1.3521575348176954E-004   5.0000000000000001E-003   1.3521575348176954E-004   1.6738805457599704E-002   433.74971666500500        8.8468181877076391E-002   7.2371918282312778E-016   155.59817607179920        747.63625460554135     
   5.0499999999999996E-002   1.3976747654718822E-004   5.0000000000000001E-003   1.3976747654718822E-004   1.6771230462123383E-002   443.58799972780690        9.4434308663319588E-002   6.9093029275281228E-016   155.29781226759010        747.63849389667882     
   5.0499999999999996E-002   1.4446502523958319E-004   5.0000000000000001E-003   1.4446502523958319E-004   1.6812044150878287E-002   453.41399009284675       0.10082386228571467        6.7228838220733371E-016   154.92132732433012        747.64101854842124     
   5.0499999999999996E-002   1.4931330072052770E-004   5.0000000000000001E-003   1.4931330072052770E-004   1.6861306068298457E-002   463.20634413903605       0.10766920969031052        6.4225176153375269E-016   154.46929861983546        747.64386820367349     
   5.0499999999999996E-002   1.5431736141152392E-004   5.0000000000000001E-003   1.5431736141152392E-004   1.6919028595365919E-002   472.94333205218248       0.11500515944309113        6.1319077083256357E-016   153.94295957190815        747.64708688586006     
   5.0499999999999996E-002   1.5948242827173688E-004   5.0000000000000001E-003   1.5948242827173688E-004   1.6985174293983021E-002   482.60327019442298       0.12286903576849796        5.8467351419289200E-016   153.34420225101817        747.65072302425040     
   5.0500000000000017E-002   1.6481389024524838E-004   5.0000000000000001E-003   1.6481389024524838E-004   1.7059655054676201E-002   492.16499474957271       0.13130075358696611        5.4371000810097989E-016   152.67555522831628        747.65482938855700     
   5.0500000000000003E-002   1.7031730988353411E-004   5.0000000000000001E-003   1.7031730988353411E-004   1.7142333333469210E-002   501.60835106705167       0.14034287939316997        4.9100675224559922E-016   151.94013536754349        747.65946233802879     
   5.0499999999999996E-002   1.7599842914916631E-004   5.0000000000000001E-003   1.7599842914916631E-004   1.7233025683162147E-002   510.91467075468097       0.15004055255601470        4.2692964518392113E-016   151.14157436417239        747.66468256307746     
   5.0499999999999996E-002   1.8186317540664677E-004   5.0000000000000001E-003   1.8186317540664677E-004   1.7331508496323905E-002   520.06720705057205       0.16044170671202143        4.4602691397513758E-016   150.28392308714899        747.67055480671797     
   5.0499999999999996E-002   1.8791766760669623E-004   5.0000000000000001E-003   1.8791766760669623E-004   1.7437525707510788E-002   529.05150088986932       0.17159723117779072        4.3066142411158472E-016   149.37153887749548        747.67714533230458     
   5.0499999999999996E-002   1.9416822267041186E-004   5.0000000000000001E-003   1.9416822267041186E-004   1.7550798088556033E-002   537.85565532038834       0.18356061608743851        4.5096235423795800E-016   148.40896258922768        747.68451907725398     
   5.0499999999999996E-002   2.0062136207998210E-004   5.0000000000000001E-003   2.0062136207998210E-004   1.7671033823994323E-002   546.47050826801842       0.19638818067591376        4.5928312957824515E-016   147.40079299021872        747.69274648467490     
   5.0499999999999996E-002   2.0728381868288066E-004   5.0000000000000001E-003   2.0728381868288066E-004   1.7797939246491305E-002   554.88968785333725       0.21013957160232208        4.5568380872581396E-016   146.35156614584048        747.70189894778582     
   5.0499999999999996E-002   2.1416254371652585E-004   5.0000000000000001E-003   2.1416254371652585E-004   1.7931229381150212E-002   563.10956090100058       0.22487782226379813        5.2531393661084414E-016   145.26564654220161        747.71204523787537     
   5.0499999999999996E-002   2.2126471406078667E-004   5.0000000000000001E-003   2.2126471406078667E-004   1.8070637805839698E-002   571.12908915729804       0.24066929941493534        5.8189267343437802E-016   144.14713506937059        747.72325155039414     
   5.0499999999999996E-002   2.2859773972599019E-004   5.0000000000000001E-003   2.2859773972599019E-004   1.8215925304842718E-002   578.94960977426558       0.25758377336671301        6.2666475064380067E-016   142.99979703492824        747.73558126285991     
   5.0499999999999996E-002   2.3616927158408605E-004   5.0000000000000001E-003   2.3616927158408605E-004   1.8366887026477440E-002   586.57456165356734       0.27569460952697644        7.0032682075017375E-016   141.82701138685979        747.74909398817874     
   5.0499999999999996E-002   2.4398720935112333E-004   5.0000000000000001E-003   2.4398720935112333E-004   1.8523358045053721E-002   594.00917967268038       0.29507894468405355        7.6324795155582796E-016   140.63174053900377        747.76384477344834     
   5.0499999999999996E-002   2.5205970982943206E-004   5.0000000000000001E-003   2.5205970982943206E-004   1.8685217369805905E-002   601.26017703391653       0.31581785343762037        7.5986918461895505E-016   139.41651881184239        747.77988424668365     
   5.0499999999999996E-002   2.6039519541792958E-004   5.0000000000000001E-003   2.6039519541792958E-004   1.8852390500105488E-002   608.33543271753035       0.33799664082557107        7.4777868331347015E-016   138.18345660435105        747.79725827907680     
   5.0500000000000003E-002   2.6900236289960399E-004   5.0000000000000001E-003   2.6900236289960399E-004   1.9024850736314981E-002   615.24369701469857       0.36170514093692802        7.2777480988187253E-016   136.93425698862094        747.81600721228915     
   5.0499999999999996E-002   2.7789019251524277E-004   5.0000000000000001E-003   2.7789019251524277E-004   1.9202619552504362E-002   621.99432398203521       0.38703792334489190        6.9456026531626453E-016   135.67024139457837        747.83616696930915     
   5.0500000000000003E-002   2.8706795733293678E-004   5.0000000000000001E-003   2.8706795733293678E-004   1.9385766218676367E-002   628.59703591001301       0.41409469421106665        7.3038962231970465E-016   134.39238131131879        747.85776927329084     
   5.0500000000000003E-002   2.9654523292307758E-004   5.0000000000000001E-003   2.9654523292307758E-004   1.9574406897929490E-002   635.06172179452324       0.44298070864387673        7.4576684057447441E-016   133.10133336563771        747.88084034116821     
   5.0499999999999996E-002   3.0633190734895060E-004   5.0000000000000001E-003   3.0633190734895060E-004   1.9768703582680416E-002   641.39826937969974       0.47380694431910692        7.9308571941561699E-016   131.79747565865284        747.90540379575305     
   5.0499999999999996E-002   3.1643819148342530E-004   5.0000000000000001E-003   3.1643819148342530E-004   1.9968862859944800E-002   647.61642870183891       0.50669069545028045        8.2050371569146295E-016   130.48094375591165        747.93148035335469     
   5.0499999999999996E-002   3.2687462966239265E-004   5.0000000000000001E-003   3.2687462966239265E-004   2.0175134660275009E-002   653.72570406190766       0.54175604160725210        8.2592513518536376E-016   129.15166519917457        747.95908484499409     
   5.0500000000000003E-002   3.3765211068617146E-004   5.0000000000000001E-003   3.3765211068617146E-004   2.0387811450843864E-002   659.73527076043126       0.57913381985405143        8.0789962118663578E-016   127.80939182852232        747.98823366800275     
   5.0500000000000003E-002   3.4878187918022888E-004   5.0000000000000001E-003   3.4878187918022888E-004   2.0607227356968506E-002   665.65391285066880       0.61896268213970496        7.6865532994886160E-016   126.45372951386551        748.01894024677824     
   5.0499999999999996E-002   3.6027554732722533E-004   5.0000000000000001E-003   3.6027554732722533E-004   2.0833757576256884E-002   671.48997829575433       0.66138936618145339        7.1203447188585457E-016   125.08416514905191        748.05121043893303     
   5.0499999999999996E-002   3.7214510698253052E-004   5.0000000000000001E-003   3.7214510698253052E-004   2.1067818682717825E-002   677.25134805056041       0.70656830434734785        6.4324537147270085E-016   123.70009097004424        748.08505802317484     
   5.0499999999999996E-002   3.8440294218585445E-004   5.0000000000000001E-003   3.8440294218585445E-004   2.1309868424774298E-002   682.94541612453031       0.75466347436745429        5.6929585732160301E-016   122.30082634160054        748.12048891438133     
   5.0499999999999996E-002   3.9706184208205143E-004   5.0000000000000001E-003   3.9706184208205143E-004   2.1560406356473761E-002   688.57907798670328       0.80584780991227722        4.8582046535464257E-016   120.88563726219841        748.15750274690504     
   5.0499999999999996E-002   4.1013501426461277E-004   5.0000000000000001E-003   4.1013501426461277E-004   2.1819975279944389E-002   694.15872492448852       0.86030292821504473        3.8808605899921401E-016   119.45375392088947        748.19611005470074     
   5.0499999999999996E-002   4.2363609855575407E-004   5.0000000000000001E-003   4.2363609855575407E-004   2.2089161601115032E-002   699.69024271506714       0.91822089185274181        5.3195070450349269E-016   118.00438669973659        748.23630022314535     
   5.0499999999999996E-002   4.3757918123740850E-004   5.0000000000000001E-003   4.3757918123740850E-004   2.2368598580709786E-002   705.17901269672780       0.97980337731977640        6.6762423249825693E-016   116.53673710516514        748.27807347473777     
   5.0499999999999996E-002   4.5197880974812122E-004   5.0000000000000001E-003   4.5197880974812122E-004   2.2658968995033966E-002   710.62991381188738        1.0452641839621235        8.0144291236622086E-016   115.05001026608612        748.32145379749102     
   5.0499999999999996E-002   4.6685000786099288E-004   5.0000000000000001E-003   4.6685000786099288E-004   2.2961005705461578E-002   716.04732518218191        1.1148302791222144        9.7138221325207042E-016   113.54343102210269        748.36644986209001     
   5.0499999999999996E-002   4.8220829135868211E-004   5.0000000000000001E-003   4.8220829135868211E-004   2.3275494544784142E-002   721.43512811769119        1.1887412205681533        1.1843495827267380E-015   112.01625598966703        748.41306366288927     
   5.0499999999999996E-002   4.9806968422169316E-004   5.0000000000000001E-003   4.9806968422169316E-004   2.3603277254903063E-002   726.79670654285087        1.2672491992460404        1.4510090297592932E-015   110.46778550106869        748.46129242234883     
   5.0499999999999996E-002   5.1445073534693109E-004   5.0000000000000001E-003   5.1445073534693109E-004   2.3945254556575001E-002   732.13494522729604        1.3506192051167987        1.6865439850849825E-015   108.89737569061344        748.51112834176820     
   5.0500000000000003E-002   5.3136853581389136E-004   5.0000000000000001E-003   5.3136853581389136E-004   2.4302389323930532E-002   737.45222525256099        1.4391291483990929        2.0138530148379917E-015   107.30445100896149        748.56255758012412     
   5.0500000000000003E-002   5.4884073671650853E-004   5.0000000000000001E-003   5.4884073671650853E-004   2.4675709782214769E-002   742.75041618198009        1.5330698591648193        2.4492947577611898E-015   105.68851745740513        748.61555881156858     
   5.0499999999999996E-002   5.6688556757938068E-004   5.0000000000000001E-003   5.6688556757938068E-004   2.5066312592090096E-002   748.03086441874780        1.6327448978582315        2.6657697371470948E-015   104.04917685336467        748.67010105113877     
   5.0500000000000003E-002   5.8552185537743065E-004   5.0000000000000001E-003   5.8552185537743065E-004   2.5475365673642805E-002   753.29437723660806        1.7384700824435186        2.5168399078758379E-015   102.38614241488689        748.72614116304578     
   5.0500000000000003E-002   6.0476904417888961E-004   5.0000000000000001E-003   6.0476904417888961E-004   2.5904110576165446E-002   758.54120192963182        1.8505726776703268        2.5164260914569224E-015   100.69925595859149        748.78362152638613     
   5.0499999999999996E-002   6.2464721543220613E-004   5.0000000000000001E-003   6.2464721543220613E-004   2.6353864073238528E-002   763.77099947900979        1.9693902016553295        2.6713955719204621E-015   98.988507096762120        748.84246716782752     
   5.0499999999999996E-002   6.4517710891789774E-004   5.0000000000000001E-003   6.4517710891789774E-004   2.6826018597043987E-002   768.98281207444529        2.0952687165079364        2.6351599995792993E-015   97.254054833541076        748.90258250283375     
   5.0500000000000003E-002   6.6638014438725763E-004   5.0000000000000001E-003   6.6638014438725763E-004   2.7322040994226329E-002   774.17502372601155        2.2285604763905766        2.7347667736909187E-015   95.496252013189263        748.96384775169713     
   5.0499999999999996E-002   6.8827844391059921E-004   5.0000000000000001E-003   6.8827844391059921E-004   2.7843468915579244E-002   779.34531308239934        2.3696207791674215        2.6272837077720494E-015   93.715673150776354        749.02611518136541     
   5.0499999999999996E-002   7.1089485495813012E-004   5.0000000000000001E-003   7.1089485495813012E-004   2.8391903970303271E-002   784.49059741648944        2.5188038847398286        2.2501960987841430E-015   91.913146241864638        749.08920629518025     
   5.0499999999999996E-002   7.3425297423777196E-004   5.0000000000000001E-003   7.3425297423777196E-004   2.8969000594637650E-002   789.60696652732952        2.6764580433285974        1.9068072077787760E-015   90.089789275619964        749.15291398564955     
   5.0499999999999996E-002   7.5837717231465860E-004   5.0000000000000001E-003   7.5837717231465860E-004   2.9576449441151793E-002   794.68960501237814        2.8429205786924046        1.5549345259794337E-015   88.247052281062935        749.21701885250582     
   5.0499999999999996E-002   7.8329261903799588E-004   5.0000000000000001E-003   7.8329261903799588E-004   3.0215945075711632E-002   799.73270220927316        3.0185179666137909        1.2386697828258858E-015   86.386766156101885        749.28111806277968     
   5.0499999999999996E-002   8.0902530980191296E-004   5.0000000000000001E-003   8.0902530980191296E-004   3.0889158708234332E-002   804.72934593968137        3.2035148358124266        9.8711101642571324E-016   84.511198295469526        749.34485386773372     
   5.0499999999999996E-002   8.3560209266761399E-004   5.0000000000000001E-003   8.3560209266761399E-004   3.1597683289420503E-002   809.67139901377107        3.3981352760960744        8.6645771590446009E-016   82.623119277208147        749.40781555018543     
   5.0499999999999996E-002   8.6305069637514025E-004   5.0000000000000001E-003   8.6305069637514025E-004   3.2342962439987730E-002   814.54935584469013        3.6025373714870566        8.3898294606591451E-016   80.725879511477984        749.46951280526707     
   5.0499999999999996E-002   8.9139975927401624E-004   5.0000000000000001E-003   8.9139975927401624E-004   3.3126195547442214E-002   819.35217579250366        3.8167874151646690        9.4109728564653437E-016   78.823499352330742        749.52938171791391     
   5.0499999999999996E-002   9.2067885920291950E-004   5.0000000000000001E-003   9.2067885920291950E-004   3.3948210007239923E-002   824.06709019299922        4.0408291313221687        1.1264339334373463E-015   76.920775257315725        749.58678621902072     
   5.0500000000000003E-002   9.5091854434951070E-004   5.0000000000000001E-003   9.5091854434951070E-004   3.4809291446538833E-002   828.67938011729939        4.2744455084758481        1.3592599589712612E-015   75.023405361577446        749.64102484980481     
   5.0500000000000003E-002   9.8215036512275646E-004   5.0000000000000001E-003   9.8215036512275646E-004   3.5708960533681923E-002   833.17212316953783        4.5172136181180766        1.5842885084033515E-015   73.138138642368773        749.69135197538924     
   5.0500000000000003E-002   1.0144069070708744E-003   5.0000000000000001E-003   1.0144069070708744E-003   3.6645679612604280E-002   837.52591044901772        4.7684551802230004        1.8136437462654005E-015   71.272952791240769        749.73696081855314     
   5.0500000000000003E-002   1.0477218248792775E-003   5.0000000000000001E-003   1.0477218248792775E-003   3.7616466043060300E-002   841.71823059117878        5.0271381421803181        1.9805154793388530E-015   69.437266724489632        749.77680165325285     
   5.0499999999999996E-002   1.0821298774840139E-003   5.0000000000000001E-003   1.0821298774840139E-003   3.8616417529909713E-002   845.72237089177690        5.2916528498442359        1.9873755423411210E-015   67.642191553462283        749.80967657523934     
   5.0499999999999996E-002   1.1176669643372739E-003   5.0000000000000001E-003   1.1176669643372739E-003   3.9638231530111548E-002   849.50907906950420        5.5597920735546733        1.9139597297211058E-015   65.900831972650025        749.83646549267064     
   5.0499999999999996E-002   1.1543701628629116E-003   5.0000000000000001E-003   1.1543701628629116E-003   4.0671596384551569E-002   853.04484637856706        5.8292571344195370        1.9565713473199645E-015   64.228677895147513        749.86242305247208     
   5.0499999999999996E-002   1.1922777671409990E-003   5.0000000000000001E-003   1.1922777671409990E-003   4.1701769159211130E-002   856.29167038612206        6.0970122495116073        2.4103269149442508E-015   62.644348364453883        749.89035066902568     
   5.0499999999999996E-002   1.2314293278617176E-003   5.0000000000000001E-003   1.2314293278617176E-003   4.2707642451298738E-002   859.20721402493768        6.3583216233859838        1.6381782578225720E-015   61.170790012864181        749.91333603039379     
   5.0499999999999996E-002   1.2718656935903341E-003   5.0000000000000001E-003   1.2718656935903341E-003   4.3662624094657806E-002   861.74513890502203        6.6069875245881917        1.0947896222153672E-015   59.834646494874512        749.93556807988784     
   5.0499999999999996E-002   1.3136290533863580E-003   5.0000000000000001E-003   1.3136290533863580E-003   4.4532208092003076E-002   863.85638884040793        6.8348941691494458        8.8820820275842375E-016   58.668029608924641        749.95830986017688     
   5.0499999999999996E-002   1.3567629808212620E-003   5.0000000000000001E-003   1.3567629808212620E-003   4.5274797939580134E-002   865.49257002520312        7.0317286838905027       -1.9577092952482129E-015   57.707739212101671        749.98395211559557     
   5.0500000000000003E-002   1.4013124794406741E-003   5.0000000000000001E-003   1.4013124794406741E-003   4.5843288640539936E-002   866.61882688019386        7.1855703069398658       -2.9555705712994522E-015   56.993940833659323        750.00790608183888     
   5.0500000000000003E-002   1.4473240297186601E-003   5.0000000000000001E-003   1.4473240297186601E-003   4.6203672211555497E-002   867.25555479903153        7.2836497498502766       -3.5431681949600677E-015   56.549222118779795        750.00562177379618     
   5.0499999999999996E-002   1.4948456375528372E-003   5.0000000000000001E-003   1.4948456375528372E-003   4.6378078384830733E-002   867.52717287198027        7.3319717054725198       -4.0425860320368436E-015   56.336931588633419        750.01047485160666     
   5.0500000000000003E-002   1.5439268843510201E-003   5.0000000000000001E-003   1.5439268843510201E-003   4.6442457401927255E-002   867.61410891768264        7.3505271609013869       -8.5257988701558632E-016   56.260964373495170        750.03883912388403     
   5.0500000000000003E-002   1.5946189787617794E-003   5.0000000000000001E-003   1.5946189787617794E-003   4.6464774048282809E-002   867.63979216989731        7.3595351756383778        5.6315996933603340E-016   56.237413889300086        750.08513728752303     
   5.0499999999999996E-002   1.6469748101026788E-003   5.0000000000000001E-003   1.6469748101026788E-003   4.6475615430048738E-002   867.64918438642519        7.3671071402014094       -4.0035628192243888E-016   56.228408388629433        750.14000884034897     
   5.0500000000000003E-002   1.7010490035420241E-003   5.0000000000000001E-003   1.7010490035420241E-003   4.6483669222902917E-002   867.65481523299809        7.3749565769259231       -7.9707769272298509E-016   56.223024945336171        750.19816848490746     
   5.0499999999999996E-002   1.7568979770917455E-003   5.0000000000000001E-003   1.7568979770917455E-003   4.6490998235788283E-002   867.65963893418893        7.3831761837934904        2.4576803022014762E-015   56.218690877827150        750.25861145815713     
   5.0499999999999996E-002   1.8145800004708502E-003   5.0000000000000001E-003   1.8145800004708502E-003   4.6497877161591233E-002   867.66395380579422        7.3919381318522897        1.1295117603748191E-015   56.215004322698412        750.32041594064935     
   5.0499999999999996E-002   1.8741552559007940E-003   5.0000000000000001E-003   1.8741552559007940E-003   4.6504564442657770E-002   867.66773786897045        7.4010862124081420        9.6924021268148738E-015   56.211756801562437        750.38497433696330     
   5.0499999999999996E-002   1.9356859008962538E-003   5.0000000000000001E-003   1.9356859008962538E-003   4.6511003754528601E-002   867.67106225329303        7.4108637993783910        1.7800011587471496E-015   56.208902962144592        750.45077541782803     
   5.0499999999999996E-002   1.9992361331168354E-003   5.0000000000000001E-003   1.9992361331168354E-003   4.6517379499427469E-002   867.67393918398693        7.4210108492193330       -1.8252755079601855E-015   56.206369745092694        750.51982160190232     
   5.0499999999999996E-002   2.0648722573473688E-003   5.0000000000000001E-003   2.0648722573473688E-003   4.6523697820459266E-002   867.67648675055705        7.4316953398296377       -1.6388439480440996E-016   56.204077600367022        750.59115152777224     
   5.0499999999999996E-002   2.1326627546766237E-003   5.0000000000000001E-003   2.1326627546766237E-003   4.6530069908484892E-002   867.67872663554635        7.4427513484849426       -5.3026110021862408E-016   56.201992036325933        750.66609976514599     
   5.0499999999999996E-002   2.2026783539466632E-003   5.0000000000000001E-003   2.2026783539466632E-003   4.6536510848060014E-002   867.68064570147021        7.4542132867748894       -3.0669461634163931E-015   56.200105803946109        750.74481386537957     
   5.0499999999999996E-002   2.2749921055474315E-003   5.0000000000000001E-003   2.2749921055474315E-003   4.6542948004501157E-002   867.68217317841788        7.4661166034582207       -2.5431608039653355E-015   56.198507035995213        750.82730056458956     
   5.0500000000000003E-002   2.3496794576334311E-003   5.0000000000000001E-003   2.3496794576334311E-003   4.6549260246462304E-002   867.68331210987185        7.4784277096828466       -2.0850474093867386E-015   56.197393087290251        750.91424449693591     
   5.0500000000000003E-002   2.4268183348421669E-003   5.0000000000000001E-003   2.4268183348421669E-003   4.6555492441702671E-002   867.68404148234981        7.4911851907948250       -1.8553527981879581E-015   56.196720895318514        751.00579671656021     
   5.0499999999999996E-002   2.5064892195963808E-003   5.0000000000000001E-003   2.5064892195963808E-003   4.6561719863833111E-002   867.68450044737324        7.5044598371489073        6.6619421635153030E-015   56.196383777723426        751.10174802517565     
   5.0499999999999996E-002   2.5887752360749467E-003   5.0000000000000001E-003   2.5887752360749467E-003   4.6568038814247391E-002   867.68468526462811        7.5182985770841713        5.8915287718457893E-015   56.196225932387705        751.20157100841618     
   5.0499999999999996E-002   2.6737622369400358E-003   5.0000000000000001E-003   2.6737622369400358E-003   4.6574547353615506E-002   867.68468148953491        7.5327843331130122        4.6051484391642521E-015   56.196095319627908        751.30481580251944     
   5.0499999999999996E-002   2.7615388929109587E-003   5.0000000000000001E-003   2.7615388929109587E-003   4.6581258055521775E-002   867.68455695571231        7.5479599728646329        4.8796769966656808E-015   56.195980686599903        751.41153490102727     
   5.0499999999999996E-002   2.8521967852783510E-003   5.0000000000000001E-003   2.8521967852783510E-003   4.6588042202832025E-002   867.68424845587515        7.5639897123021731        1.4579900863161906E-015   56.196012630737705        751.52139852594701     
   5.0499999999999996E-002   2.9458305014549878E-003   5.0000000000000001E-003   2.9458305014549878E-003   4.6594712264461484E-002   867.68365235531257        7.5809462502424214        3.4108247494945622E-015   56.196451908794330        751.63487007865615     
   5.0499999999999996E-002   3.0425377336630146E-003   5.0000000000000001E-003   3.0425377336630146E-003   4.6601373331917918E-002   867.68264892477123        7.5987651729791672       -1.3340170318306187E-015   56.197231424566105        751.75274959871012     
   5.0499999999999996E-002   3.1424193808605935E-003   5.0000000000000001E-003   3.1424193808605935E-003   4.6608182658774061E-002   867.68132007643578        7.6173042221878475       -5.9508697407611968E-015   56.198272950742215        751.87652922444101     
   5.0499999999999996E-002   3.2455796540142873E-003   5.0000000000000001E-003   3.2455796540142873E-003   4.6615299571145553E-002   867.67981261684508        7.6365563741591966       -3.5348934163893895E-015   56.199475026906796        752.00742326504837     
   5.0499999999999996E-002   3.3521261848270083E-003   5.0000000000000001E-003   3.3521261848270083E-003   4.6622893224157198E-002   867.67814615487225        7.6564620284714673       -1.7101260748078900E-015   56.200778052925671        752.14736429200559     
   5.0499999999999996E-002   3.4621701380349364E-003   5.0000000000000001E-003   3.4621701380349364E-003   4.6631008676153038E-002   867.67613081748800        7.6769026975475825       -1.8037375685728872E-015   56.202349224334235        752.29931842981603     
   5.0499999999999996E-002   3.5758263273906596E-003   5.0000000000000001E-003   3.5758263273906596E-003   4.6639542134481252E-002   867.67357852976204        7.6979936162277518       -1.6941119533645776E-015   56.204378838148074        752.46416141025702     
   5.0499999999999996E-002   3.6932133354534509E-003   5.0000000000000001E-003   3.6932133354534509E-003   4.6648314839246502E-002   867.67049559730174        7.7202181765363962        8.3438282853329325E-016   56.206902101097171        752.63948459915991     
   5.0499999999999996E-002   3.8144536373117288E-003   5.0000000000000001E-003   3.8144536373117288E-003   4.6657385057430466E-002   867.66694962599081        7.7437753059137338        8.5695400139985584E-015   56.209809675560820        752.82476802319002     
   5.0499999999999989E-002   3.9396737283667986E-003   5.0000000000000001E-003   3.9396737283667986E-003   4.6666677607135006E-002   867.66315268339190        7.7691314156193059       -4.1432769748992304E-015   56.212949910861823        753.01677080511297     
   5.0499999999999996E-002   4.0690042563110880E-003   5.0000000000000001E-003   4.0690042563110880E-003   4.6676262603326177E-002   867.65926816980709        7.7965473596070520       -2.4192294570992505E-015   56.216123235054795        753.21395288326460     
   5.0499999999999996E-002   4.2025801574387097E-003   5.0000000000000001E-003   4.2025801574387097E-003   4.6686130873953097E-002   867.65538478532392        7.8262251895085484       -5.4720068437096453E-015   56.219285103352036        753.41557035100993     
   5.0499999999999996E-002   4.3405407974305204E-003   5.0000000000000001E-003   4.3405407974305204E-003   4.6696288457332168E-002   867.65135488245085        7.8577277240588455       -5.8440893757850712E-015   56.222572317445504        753.62355506273752     
   5.0499999999999996E-002   4.4830301167605299E-003   5.0000000000000001E-003   4.4830301167605299E-003   4.6706993860636759E-002   867.64686740650075        7.8901553706280732       -3.6128825760813397E-015   56.226142836664309        753.84419900870694     
   5.0499999999999996E-002   4.6301967808753883E-003   5.0000000000000001E-003   4.6301967808753883E-003   4.6718343461236864E-002   867.64186515168740        7.9234786274541138       -2.7351726622034918E-015   56.229971584110274        754.07872581199922     
   5.0500000000000003E-002   4.7821943353036781E-003   5.0000000000000001E-003   4.7821943353036781E-003   4.6730522274993511E-002   867.63650993943747        7.9576501376777840       -4.5942206113943714E-015   56.234082974651258        754.33045417427354     
   5.0500000000000003E-002   4.9391813658567832E-003   5.0000000000000001E-003   4.9391813658567832E-003   4.6743177582327891E-002   867.63084046333677        7.9931593942517143       -5.1974231431828252E-015   56.238818738171055        754.59828114873096     
   5.0499999999999996E-002   5.1013216640885123E-003   5.0000000000000001E-003   5.1013216640885123E-003   4.6756135910252919E-002   867.62452980001808        8.0311499766009717       -6.2223692205835136E-015   56.244021101607999        754.87729720985374     
   5.0499999999999996E-002   5.2687843981861415E-003   5.0000000000000001E-003   5.2687843981861415E-003   4.6769558484521911E-002   867.61760981897066        8.0721121740078203       -2.0263553592287328E-016   56.249591783023824        755.16879270590869     
   5.0499999999999996E-002   5.4417442894710982E-003   5.0000000000000001E-003   5.4417442894710982E-003   4.6783743859342738E-002   867.61052013955054        8.1165254312314943        4.0358663165338440E-016   56.255429475659533        755.47623477392199     
   5.0499999999999996E-002   5.6203817946934923E-003   5.0000000000000001E-003   5.6203817946934923E-003   4.6799367304732248E-002   867.60332815076811        8.1643531886942551       -6.2824050433802891E-015   56.261488118263820        755.80991735085559     
   5.0499999999999989E-002   5.8048832943106542E-003   5.0000000000000001E-003   5.8048832943106542E-003   4.6816473083828525E-002   867.59503131416943        8.2163766771079079       -5.3368391289965251E-015   56.268430483454082        756.17947270235459     
   5.0499999999999996E-002   5.9954412869461854E-003   5.0000000000000001E-003   5.9954412869461854E-003   4.6835312492253846E-002   867.58500657043760        8.2743982335305404       -8.7172663859415043E-015   56.276814253419872        756.59647978702571     
   5.0499999999999996E-002   6.1922545902323269E-003   5.0000000000000001E-003   6.1922545902323269E-003   4.6857182039319406E-002   867.57271398091109        8.3416460921364557       -9.5469848445108403E-015   56.286400913931708        757.07871436655114     
   5.0499999999999996E-002   6.3955285482452410E-003   5.0000000000000001E-003   6.3955285482452410E-003   4.6883826287940911E-002   867.55805713469908        8.4226682803652881        3.5721363323610705E-015   56.297766462009960        757.66216852376533     
   5.0499999999999996E-002   6.6054752457496224E-003   5.0000000000000001E-003   6.6054752457496224E-003   4.6917943865108593E-002   867.53965774258688        8.5248756922927615        6.2774233455140568E-015   56.312140722220825        758.40711409902008     
   5.0499999999999996E-002   6.8223137294761427E-003   5.0000000000000001E-003   6.8223137294761427E-003   4.6963187488959314E-002   867.51474559423866        8.6609479729291206        8.8834794997484928E-015   56.331991126007125        759.40605794575686     
   5.0499999999999996E-002   7.0462702366626898E-003   5.0000000000000001E-003   7.0462702366626898E-003   4.7024463161541762E-002   867.47938212853364        8.8528377946237740        3.6826306444372719E-015   56.361210555952582        760.79131856156891     
   5.0500000000000003E-002   7.2775784310977736E-003   5.0000000000000001E-003   7.2775784310977736E-003   4.7111730956470831E-002   867.42806353278706        9.1331039467759965       -3.0633666455691869E-015   56.403604008223731        762.77650142080392     
   5.0499999999999996E-002   7.5164796469122533E-003   5.0000000000000001E-003   7.5164796469122533E-003   4.7241251706800040E-002   867.35258794963386        9.5462636478660734        3.4320693896071503E-015   56.465622826953648        765.71456558361240     
   5.0499999999999996E-002   7.7632231403740393E-003   5.0000000000000001E-003   7.7632231403740393E-003   4.7436989151906715E-002   867.23875063773471        10.153924604581942        5.3157233769948783E-015   56.558685324021972        770.15441905900229     
   5.0499999999999989E-002   8.0180663499482656E-003   5.0000000000000001E-003   8.0180663499482656E-003   4.7729678857098279E-002   867.06936818545171        11.051460449228690        4.1492668181007529E-015   56.696060241069340        776.78849184830324     
   5.0499999999999996E-002   8.2812751648942556E-003   5.0000000000000001E-003   8.2812751648942556E-003   4.8162483676965684E-002   866.81505425151192        12.393755921343816       -2.0500035689280934E-015   56.899446482645118        786.64412915803268     
   5.0499999999999996E-002   8.5531242026796253E-003   5.0000000000000001E-003   8.5531242026796253E-003   4.8670856156804623E-002   866.51671170629345        13.950326908758134       -2.0582530276293256E-015   57.135873051893462        798.25058071656679     
   5.0499999999999989E-002   8.8338970955008887E-003   5.0000000000000001E-003   8.8338970955008887E-003   4.8945568566823944E-002   866.35405694927078        14.785608075782440       -1.4866801620273925E-015   57.263227773016915        804.54546562967437     
   5.0499999999999996E-002   9.1238867862096108E-003   5.0000000000000001E-003   9.1238867862096108E-003   4.8986456992540853E-002   866.33021608940692        14.902981457977276        5.1121916962756349E-016   57.281948227418290        805.48081253381383     
   5.0499999999999996E-002   9.4233958339526511E-003   5.0000000000000001E-003   9.4233958339526511E-003   4.8907394826848034E-002   866.37802837635149        14.653154565878188       -5.7317699674206631E-016   57.244308274171445        803.65237199848627     
   5.0499999999999996E-002   9.7327367298456167E-003   5.0000000000000001E-003   9.7327367298456167E-003   4.8562084632753813E-002   866.58309848720091        13.618182555543608       -5.3658595055148060E-015   57.081264548195009        795.70538382357051     
   5.0499999999999996E-002   1.0052232223008741E-002   5.0000000000000001E-003   1.0052232223008741E-002   4.7768344399695267E-002   867.05084996404139        11.169759010053001       -8.3631448892034291E-015   56.703046352712867        777.51355754099052     
   5.0499999999999996E-002   1.0382215657305379E-002   5.0000000000000001E-003   1.0382215657305379E-002   4.6488069512483424E-002   867.80632735754091        7.1099783553939933        8.4183180139069711E-015   56.085865533846295        748.43885831597731     
   5.0499999999999989E-002   1.0723031319134537E-002   5.0000000000000001E-003   1.0723031319134537E-002   4.5356695047524417E-002   868.47972949023119        3.4692801193485714       -7.8053753622604067E-015   55.526902859775007        722.94663658863863     
   5.0499999999999989E-002   1.1075034796640161E-002   5.0000000000000001E-003   1.1075034796640161E-002   4.4763960308897455E-002   868.83055566583403        1.5287827180235323       -4.3532731942174445E-015   55.231375005576936        709.70153840814760     
   5.0499999999999989E-002   1.1438593350712064E-002   5.0000000000000001E-003   1.1438593350712064E-002   4.4489220287013471E-002   868.99064788549947       0.62452773691402830       -5.3653986964726978E-015   55.094324624573950        703.59549067663613     
   5.0499999999999996E-002   1.1814086298165560E-002   5.0000000000000001E-003   1.1814086298165560E-002   4.4372521088876606E-002   869.05816838833937       0.23950967405569759       -1.4060390847802295E-014   55.036139437789728        701.00877790193772     
   5.0499999999999996E-002   1.2201905407499604E-002   5.0000000000000001E-003   1.2201905407499604E-002   4.4326268802754858E-002   869.08485796700222        8.6767540621728340E-002  -8.6949177111578602E-015   55.013088248816274        699.98476951204350     
   5.0499999999999996E-002   1.2602455307646230E-002   5.0000000000000001E-003   1.2602455307646230E-002   4.4309019759944702E-002   869.09480191935722        2.9790416777536199E-002  -1.9138254706818644E-015   55.004493692960018        699.60306442678552     
   5.0500000000000003E-002   1.3016153910137985E-002   5.0000000000000001E-003   1.3016153910137985E-002   4.4302941138594780E-002   869.09830510332665        9.7123553954914128E-003  -1.4605927686451069E-014   55.001465252567037        699.46857448431990     
   5.0499999999999996E-002   1.3443432845133600E-002   5.0000000000000001E-003   1.3443432845133600E-002   4.4300911918208140E-002   869.09947447901436        3.0107748020265419E-003   9.5619441271412621E-015   55.000454307303130        699.42368064685729     
   5.0499999999999996E-002   1.3884737911756925E-002   5.0000000000000001E-003   1.3884737911756925E-002   4.4300269125201443E-002   869.09984490317606        8.8835065656187994E-004   9.5139631098343470E-015   55.000134074680020        699.40945997841482     
   5.0499999999999996E-002   1.4340529543219014E-002   5.0000000000000001E-003   1.4340529543219014E-002   4.4300075662941626E-002   869.09995639391229        2.4969987961736076E-004   4.1889816913555314E-015   55.000037694081854        699.40517999121221     
   5.0499999999999989E-002   1.4811283287208555E-002   5.0000000000000001E-003   1.4811283287208555E-002   4.4300020280153000E-002   869.09998831175744        6.6912900844441888E-005   7.6427015684202278E-015   55.000010103149130        699.40395475501134     
   5.0499999999999996E-002   1.5297490302051976E-002   5.0000000000000001E-003   1.5297490302051976E-002   4.4300005185785585E-002   869.09999701114191        1.7106287669683476E-005   1.1031235174468509E-014   55.000002583413178        699.40362082257491     
   5.0499999999999996E-002   1.5799657869160724E-002   5.0000000000000001E-003   1.5799657869160724E-002   4.4300001265852450E-002   869.09999927040144        4.1747082384777694E-006   1.0633742767047334E-014   55.000000630600333        699.40353410229727     
   5.0500000000000003E-002   1.6318309922300572E-002   5.0000000000000001E-003   1.6318309922300572E-002   4.4300000295138690E-002   869.09999982988882        9.7312325349106101E-007  -9.0117363471689840E-015   55.000000147020877        699.40351262737249     
   5.0499999999999996E-002   1.6853987594235023E-002   5.0000000000000001E-003   1.6853987594235023E-002   4.4300000065759487E-002   869.09999996209524        2.1677412751768408E-007  -2.0549013565171192E-015   55.000000032758471        699.40350755294924     
   5.0499999999999996E-002   1.7407249781313180E-002   5.0000000000000001E-003   1.7407249781313180E-002   4.4300000014007850E-002   869.09999999192564        4.6167460598639914E-008   9.3092808950056592E-016   55.000000006977736        699.40350640806139     
   5.0499999999999989E-002   1.7978673726591180E-002   5.0000000000000001E-003   1.7978673726591180E-002   4.4300000002854487E-002   869.09999999835554        9.4040313352002369E-009   7.2888678806068623E-016   55.000000001420688        699.40350616130740     
   5.0499999999999989E-002   1.8568855622095551E-002   5.0000000000000001E-003   1.8568855622095551E-002   4.4300000000556124E-002   869.09999999967727        1.8336771260535296E-009   1.6605777735679367E-015   55.000000000278263        699.40350611049359     
   5.0499999999999996E-002   1.9178411230856937E-002   5.0000000000000001E-003   1.9178411230856937E-002   4.4300000000104811E-002   869.09999999994238        3.4176225148920093E-010  -5.7320476389728246E-016   55.000000000049901        699.40350610046437     
   5.0499999999999989E-002   1.9807976529363003E-002   5.0000000000000001E-003   1.9807976529363003E-002   4.4300000000017471E-002   869.09999999998740        6.0088940806002945E-011  -9.0279315824456712E-015   55.000000000010495        699.40350609858444     
   5.0499999999999989E-002   2.0458208371100989E-002   5.0000000000000001E-003   2.0458208371100989E-002   4.4300000000003982E-002   869.09999999999900        1.0419143433680027E-011  -5.0280362624206081E-015   55.000000000000917        699.40350609824964     
   5.0499999999999989E-002   2.1129785171882232E-002   5.0000000000000001E-003   2.1129785171882232E-002   4.4299999999999520E-002   869.09999999999900        2.8955785918120215E-012   2.9319652329999898E-015   55.000000000000966        699.40350609817983     
   5.0499999999999996E-002   2.1823407617663545E-002   5.0000000000000001E-003   2.1823407617663545E-002   4.4300000000000866E-002   869.10000000000161        3.7869421306497570E-013  -4.0643836751465681E-015   54.999999999998728        699.40350609817256     
   5.0499999999999989E-002   2.2539799395604042E-002   5.0000000000000001E-003   2.2539799395604042E-002   4.4299999999998445E-002   869.09999999999820        1.8144469938586840E-013  -2.2449511880569990E-015   55.000000000001158        699.40350609816528     
   5.0499999999999989E-002   2.3279707949120158E-002   5.0000000000000001E-003   2.3279707949120158E-002   4.4300000000000901E-002   869.10000000000173        3.2797774870619733E-013  -5.4096371880080239E-016   54.999999999998799        699.40350609817403     
   5.0499999999999989E-002   2.4043905257726643E-002   5.0000000000000001E-003   2.4043905257726643E-002   4.4300000000000395E-002   869.10000000000070        5.6132322869398497E-013   5.8562646828950321E-015   54.999999999999197        699.40350609817108     
   5.0499999999999996E-002   2.4833188642477071E-002   5.0000000000000001E-003   2.4833188642477071E-002   4.4300000000000152E-002   869.10000000000014        4.0097090177651094E-013  -1.6566472260046701E-016   54.999999999999041        699.40350609816528     
   5.0499999999999996E-002   2.5648381597844438E-002   5.0000000000000001E-003   2.5648381597844438E-002   4.4299999999999166E-002   869.09999999999911        4.8006867228767178E-013  -3.1916393630538684E-015   55.000000000000604        699.40350609816960     
   5.0499999999999989E-002   2.6490334650909577E-002   5.0000000000000001E-003   2.6490334650909577E-002   4.4300000000000173E-002   869.10000000000218        6.4904264964149530E-013  -2.9186672501546726E-015   54.999999999999240        699.40350609816812     
   5.0499999999999996E-002   2.7359926248753868E-002   5.0000000000000001E-003   2.7359926248753868E-002   4.4300000000000499E-002   869.10000000000036        2.8163310575237029E-013   4.6947892983120602E-015   54.999999999998607        699.40350609816528     
   5.0499999999999989E-002   2.8258063674982202E-002   5.0000000000000001E-003   2.8258063674982202E-002   4.4299999999999028E-002   869.10000000000025        1.6670918319942975E-013   4.6808310737717000E-015   55.000000000000774        699.40350609816960     
   5.0499999999999989E-002   2.9185683996332305E-002   5.0000000000000001E-003   2.9185683996332305E-002   4.4299999999999999E-002   869.10000000000059        3.1068539301709968E-013   1.1976397658268115E-015   54.999999999999460        699.40350609816812     
   5.0499999999999989E-002   3.0143755040358163E-002   5.0000000000000001E-003   3.0143755040358163E-002   4.4299999999999937E-002   869.09999999999957        1.9731430440398221E-013  -1.0462260111927872E-014   54.999999999999766        699.40350609817108     
   5.0499999999999989E-002   3.1133276405207570E-002   5.0000000000000001E-003   3.1133276405207570E-002   4.4300000000001880E-002   869.10000000000457       -4.5519627131754609E-013   1.1744151442123509E-014   54.999999999996781        699.40350609816380     
   5.0499999999999996E-002   3.2155280502547415E-002   5.0000000000000001E-003   3.2155280502547415E-002   4.4299999999998826E-002   869.09999999999741       -4.6498010737005219E-013  -1.3539468389341529E-014   55.000000000001371        699.40350609817403     
   5.0499999999999996E-002   3.3210833634724601E-002   5.0000000000000001E-003   3.3210833634724601E-002   4.4300000000000707E-002   869.10000000000207        1.3889342536845678E-014  -6.8135656085443300E-015   54.999999999998579        699.40350609816812     
   5.0499999999999996E-002   3.4301037107286741E-002   5.0000000000000001E-003   3.4301037107286741E-002   4.4299999999999881E-002   869.09999999999957        1.3968823638773831E-013  -9.8846782853636907E-015   55.000000000000178        699.40350609817540     
   5.0499999999999989E-002   3.5427028378023390E-002   5.0000000000000001E-003   3.5427028378023390E-002   4.4299999999999569E-002   869.10000000000048        2.6186229801490918E-013   1.5806825918287034E-014   54.999999999999538        699.40350609816244     
   5.0499999999999996E-002   3.6589982243726157E-002   5.0000000000000001E-003   3.6589982243726157E-002   4.4299999999999798E-002   869.10000000000093        1.4858302775106803E-013   1.2235182954832704E-014   54.999999999999709        699.40350609816824     
   5.0499999999999996E-002   3.7791112065906553E-002   5.0000000000000001E-003   3.7791112065906553E-002   4.4300000000000235E-002   869.10000000000093       -3.2753146542224019E-013   5.2711189263559948E-015   54.999999999999162        699.40350609816812     
   5.0499999999999989E-002   3.9031671036750148E-002   5.0000000000000001E-003   3.9031671036750148E-002   4.4299999999999895E-002   869.10000000000070       -8.2831054608056516E-013   1.2738788539980857E-014   54.999999999999361        699.40350609816528     
   5.0499999999999989E-002   4.0312953486627522E-002   5.0000000000000001E-003   4.0312953486627522E-002   4.4299999999999923E-002   869.10000000000025       -7.6242066488948919E-013  -1.6084566075775894E-014   54.999999999999666        699.40350609816960     
   5.0499999999999989E-002   4.1636296234526887E-002   5.0000000000000001E-003   4.1636296234526887E-002   4.4300000000000186E-002   869.10000000000002        1.7417851036760580E-013   1.3619284315472534E-015   55.000000000000028        699.40350609817835     
   5.0499999999999989E-002   4.3003079982816834E-002   5.0000000000000001E-003   4.3003079982816834E-002   4.4299999999999957E-002   869.10000000000093        3.4446024777831457E-013  -6.1359856841271804E-015   54.999999999999275        699.40350609816517     
   5.0499999999999989E-002   4.4414730757794417E-002   5.0000000000000001E-003   4.4414730757794417E-002   4.4299999999999888E-002   869.10000000000070       -3.2149683393535884E-013  -9.5438919537952171E-015   54.999999999999368        699.40350609816528     
   5.0499999999999989E-002   4.5872721397521896E-002   5.0000000000000001E-003   4.5872721397521896E-002   4.4300000000000471E-002   869.10000000000218       -7.4638992487961025E-013   1.5844384925493914E-015   54.999999999998529        699.40350609816380     
   5.0499999999999989E-002   4.7378573088504294E-002   5.0000000000000001E-003   4.7378573088504294E-002   4.4299999999998861E-002   869.09999999999752       -1.2403399539641467E-013  -7.5042835726205579E-015   55.000000000001670        699.40350609817824     
   5.0499999999999989E-002   4.8933856952810904E-002   5.0000000000000001E-003   4.8933856952810904E-002   4.4300000000000152E-002   869.10000000000014        3.3634501512261084E-013   6.7143413244160354E-015   54.999999999999268        699.40350609816812     
   5.0499999999999989E-002   5.0540195687296764E-002   5.0000000000000001E-003   5.0540195687296764E-002   4.4300000000000554E-002   869.10000000000139        8.2506093219234489E-014   6.2162986493248068E-015   54.999999999998998        699.40350609817108     
   5.0499999999999989E-002   5.2199265256634562E-002   5.0000000000000001E-003   5.2199265256634562E-002   4.4300000000000325E-002   869.10000000000014        9.6121207806927488E-015   2.1082730782357927E-015   54.999999999999510        699.40350609817403     
   5.0499999999999989E-002   5.3912796641923215E-002   5.0000000000000001E-003   5.3912796641923215E-002   4.4299999999999125E-002   869.09999999999980       -2.7518182022911635E-013  -3.0620911552896191E-015   55.000000000000433        699.40350609816676     
   5.0499999999999989E-002   5.5682577646697373E-002   5.0000000000000001E-003   5.5682577646697373E-002   4.4300000000000027E-002   869.10000000000025        9.2492986758838801E-014   2.4648417586210705E-015   54.999999999999538        699.40350609816960     
   5.0499999999999989E-002   5.7510454762222420E-002   5.0000000000000001E-003   5.7510454762222420E-002   4.4300000000000651E-002   869.10000000000093        6.7712135022545061E-014   2.3700541068287685E-015   54.999999999998991        699.40350609817244     
   5.0499999999999989E-002   5.9398335094020920E-002   5.0000000000000001E-003   5.9398335094020920E-002   4.4300000000000173E-002   869.10000000000014       -3.8881004159127465E-013  -5.8799532745540670E-015   54.999999999999588        699.40350609817256     
   5.0499999999999989E-002   6.1348188351640756E-002   5.0000000000000001E-003   6.1348188351640756E-002   4.4300000000000471E-002   869.10000000000093       -9.0656521152551904E-013   8.9400583699497100E-015   54.999999999999446        699.40350609817540     
   5.0499999999999989E-002   6.3362048903740684E-002   5.0000000000000001E-003   6.3362048903740684E-002   4.4299999999998486E-002   869.09999999999775       -9.2900374377608170E-015   4.8705976990072796E-015   55.000000000001336        699.40350609816824     
   5.0499999999999989E-002   6.5442017900637667E-002   5.0000000000000001E-003   6.5442017900637667E-002   4.4300000000000138E-002   869.10000000000048        9.3732508579540169E-013  -1.3406683980589000E-014   54.999999999999403        699.40350609816971     
   5.0499999999999982E-002   6.7590265466530561E-002   5.0000000000000001E-003   6.7590265466530561E-002   4.4300000000000395E-002   869.10000000000070        6.0033568716241275E-013  -1.5153901796719161E-014   54.999999999999197        699.40350609817108     
   5.0499999999999989E-002   6.9809032963687040E-002   5.0000000000000001E-003   6.9809032963687040E-002   4.4299999999999937E-002   869.09999999999945        7.1289502565287005E-013   6.8553087695914426E-015   54.999999999999993        699.40350609817392     
   5.0499999999999989E-002   7.2100635330956717E-002   5.0000000000000001E-003   7.2100635330956717E-002   4.4300000000000207E-002   869.10000000000116        2.4932277123113246E-013  -2.0520407402972238E-014   54.999999999999197        699.40350609816812     
   5.0499999999999982E-002   7.4467463499050035E-002   5.0000000000000001E-003   7.4467463499050035E-002   4.4300000000000096E-002   869.10000000000059        9.7546795720180666E-015  -1.0248126814322778E-014   54.999999999999453        699.40350609816960     
   5.0499999999999989E-002   7.6911986885102299E-002   5.0000000000000001E-003   7.6911986885102299E-002   4.4300000000000325E-002   869.10000000000105       -6.3265993508081126E-014  -9.9165209757633502E-015   54.999999999998941        699.40350609816676     
   5.0499999999999989E-002   7.9436755969126693E-002   5.0000000000000001E-003   7.9436755969126693E-002   4.4299999999999631E-002   869.09999999999968        4.9397322491537241E-014  -5.2176317910499463E-015   54.999999999999915        699.40350609816824     
   5.0499999999999982E-002   8.2044404955043559E-002   5.0000000000000001E-003   8.2044404955043559E-002   4.4299999999999763E-002   869.10000000000082        3.4262867407219781E-013   1.4140057484529719E-014   54.999999999999410        699.40350609816380     
   5.0499999999999982E-002   8.4737654519062192E-002   5.0000000000000001E-003   8.4737654519062192E-002   4.4300000000000062E-002   869.10000000000070        7.1751143224418533E-014  -1.7398047481747108E-014   54.999999999999034        699.40350609816369     
   5.0499999999999982E-002   8.7519314648283830E-002   5.0000000000000001E-003   8.7519314648283830E-002   4.4300000000000173E-002   869.10000000000093       -2.5200004909296719E-013  -7.3719900629514514E-015   54.999999999999361        699.40350609816960     
   5.0499999999999982E-002   9.0392287572486199E-002   5.0000000000000001E-003   9.0392287572486199E-002   4.4299999999999944E-002   869.10000000000059       -1.8956518282878208E-013  -6.8318501245709748E-015   54.999999999999872        699.40350609817256     
   5.0499999999999982E-002   9.3359570792148655E-002   5.0000000000000001E-003   9.3359570792148655E-002   4.4299999999999791E-002   869.09999999999957        3.0137840199405075E-013  -3.7891543422202290E-016   55.000000000000057        699.40350609817244     
   5.0499999999999982E-002   9.6424260205877924E-002   5.0000000000000001E-003   9.6424260205877924E-002   4.4299999999999888E-002   869.10000000000093        4.4516136427331657E-013  -1.0805739368426169E-014   54.999999999999368        699.40350609816528     
   5.0499999999999982E-002   9.9589553340496920E-002   5.0000000000000001E-003   9.9589553340496920E-002   4.4300000000000277E-002   869.10000000000127        1.8017334450204707E-013  -3.3666731408711239E-015   54.999999999998998        699.40350609816664     
   5.0499999999999982E-002  0.10285875268716686        5.0000000000000001E-003  0.10285875268716686        4.4299999999999930E-002   869.10000000000070        4.7919583997332090E-014   1.0689344852742991E-015   54.999999999999083        699.40350609816232     
   5.0499999999999975E-002  0.10623526914702301        5.0000000000000001E-003  0.10623526914702301        4.4299999999999944E-002   869.10000000000127       -9.5349648258759193E-014  -1.7515827510871094E-014   54.999999999998728        699.40350609815800     
   5.0499999999999975E-002  0.10972262558991966        5.0000000000000001E-003  0.10972262558991966        4.4299999999999971E-002   869.10000000000116       -9.3474169627669049E-014  -6.8644973377028456E-015   54.999999999998693        699.40350609815800     
   5.0499999999999969E-002  0.11332446052999727        5.0000000000000001E-003  0.11332446052999727        4.4299999999999978E-002   869.10000000000036        1.0689763469021249E-014   1.9434230024151763E-014   54.999999999999368        699.40350609816664     
   5.0499999999999975E-002  0.11704453192190560        5.0000000000000001E-003  0.11704453192190560        4.4300000000000006E-002   869.10000000000116        5.3709991315238121E-014   1.6697066569079408E-015   54.999999999999112        699.40350609816380     
   5.0499999999999975E-002  0.12088672108164525        5.0000000000000001E-003  0.12088672108164525        4.4299999999999971E-002   869.10000000000150       -2.5131496136679336E-014  -4.3957415511044428E-015   54.999999999998693        699.40350609815800     
   5.0499999999999982E-002  0.12485503673611784        5.0000000000000001E-003  0.12485503673611784        4.4299999999999812E-002   869.10000000000116        1.1149714541201398E-013  -6.5690779109910485E-015   54.999999999999119        699.40350609816085     
   5.0499999999999975E-002  0.12895361920560855        5.0000000000000001E-003  0.12895361920560855        4.4300000000000124E-002   869.10000000000105       -1.4933726158077651E-014   5.1474598584549223E-015   54.999999999998735        699.40350609816096     
   5.0499999999999975E-002  0.13318674472356631        5.0000000000000001E-003  0.13318674472356631        4.4299999999999951E-002   869.10000000000082       -2.6379985542488811E-013   1.4973186318838670E-015   54.999999999999062        699.40350609816232     
   5.0499999999999962E-002  0.13755882989818904        5.0000000000000001E-003  0.13755882989818904        4.4299999999999888E-002   869.10000000000070       -4.9779550154706336E-014  -2.6435818792318868E-015   54.999999999999595        699.40350609816812     
   5.0499999999999948E-002  0.14207443632046726        5.0000000000000001E-003  0.14207443632046726        4.4300000000000131E-002   869.10000000000059        6.3834839163231033E-014   7.8300946563865975E-015   54.999999999999176        699.40350609816664     
   5.0499999999999948E-002  0.14673827532349479        5.0000000000000001E-003  0.14673827532349479        4.4300000000000068E-002   869.10000000000082       -1.6108237792962676E-013   1.5845013978918546E-014   54.999999999998913        699.40350609816232     
   5.0499999999999948E-002  0.15155521289801221        5.0000000000000001E-003  0.15155521289801221        4.4299999999999846E-002   869.10000000000070       -2.9844934760925404E-013  -5.8509843227847375E-017   54.999999999999190        699.40350609816232     
   5.0499999999999948E-002  0.15653027476931183        5.0000000000000001E-003  0.15653027476931183        4.4299999999999971E-002   869.10000000000025        4.1076463268861435E-014   2.5774288851130926E-014   54.999999999999496        699.40350609816824     
   5.0499999999999962E-002  0.16166865164079991        5.0000000000000001E-003  0.16166865164079991        4.4299999999999964E-002   869.10000000000036        2.5187626242592856E-013   7.7874602930798349E-015   54.999999999999389        699.40350609816664     
   5.0499999999999962E-002  0.16697570460968852        5.0000000000000001E-003  0.16697570460968852        4.4300000000000117E-002   869.10000000000070        9.8540961418273603E-014  -8.0899407103643131E-015   54.999999999999311        699.40350609816812     
   5.0499999999999948E-002  0.17245697076046818        5.0000000000000001E-003  0.17245697076046818        4.4299999999999916E-002   869.10000000000070        1.1970863721525071E-014   5.8633852305099419E-015   54.999999999999218        699.40350609816380     
   5.0499999999999955E-002  0.17811816894199239        5.0000000000000001E-003  0.17811816894199239        4.4299999999999992E-002   869.10000000000127        1.0577446996083982E-013   9.8277587815966217E-016   54.999999999998664        699.40350609815800     
   5.0499999999999948E-002  0.18396520573420824        5.0000000000000001E-003  0.18396520573420824        4.4300000000000041E-002   869.10000000000105       -7.3714074622670563E-014   7.3071164577120677E-015   54.999999999998714        699.40350609815937     
   5.0499999999999948E-002  0.19000418161075416        5.0000000000000001E-003  0.19000418161075416        4.4299999999999964E-002   869.10000000000093       -1.5856392156614591E-013   8.0071088371636951E-015   54.999999999999041        699.40350609816221     
   5.0499999999999941E-002  0.19624139730385498        5.0000000000000001E-003  0.19624139730385498        4.4300000000000027E-002   869.10000000000059       -1.8582851476617304E-013   5.7871427528356701E-015   54.999999999999304        699.40350609816664     
   5.0499999999999941E-002  0.20268336037815662        5.0000000000000001E-003  0.20268336037815662        4.4299999999999923E-002   869.10000000000048       -1.1695718860970326E-013   5.1835823720871943E-015   54.999999999999666        699.40350609816960     
   5.0499999999999941E-002  0.20933679202035751        5.0000000000000001E-003  0.20933679202035751        4.4299999999999957E-002   869.10000000000048        1.1088803175645229E-013   4.9837206760206625E-015   54.999999999999623        699.40350609816960     
   5.0499999999999941E-002  0.21620863405172222        5.0000000000000001E-003  0.21620863405172222        4.4300000000000048E-002   869.10000000000059       -2.1781473132565643E-015  -9.6080410466918460E-015   54.999999999999169        699.40350609816528     
   5.0499999999999941E-002  0.22330605617079161        5.0000000000000001E-003  0.22330605617079161        4.4299999999999999E-002   869.10000000000002       -7.8663649993132456E-014   5.2191407791233678E-015   54.999999999999460        699.40350609816812     
   5.0499999999999934E-002  0.23063646343384880        5.0000000000000001E-003  0.23063646343384880        4.4299999999999888E-002   869.10000000000093        1.6989512260578289E-013  -2.7729387168514458E-015   54.999999999999368        699.40350609816528     
   5.0499999999999934E-002  0.23820750398094437        5.0000000000000001E-003  0.23820750398094437        4.4300000000000041E-002   869.10000000000059        1.4300146492572528E-013  -2.7446668647607687E-015   54.999999999999289        699.40350609816664     
   5.0499999999999934E-002  0.24602707701554025        5.0000000000000001E-003  0.24602707701554025        4.4300000000000006E-002   869.10000000000059        5.7777179952804709E-014  -5.3520466425100510E-015   54.999999999999453        699.40350609816812     
