
=== Flow conditions ===
-- ue [m/s] = 869.1
-- pe [Pa] = 697.066
-- Te [K] = 55.2
-- Tw [K] = 97.5
-- Me = 5.83573
-- Taw [K] = 392.18
-- rhoe [kg/m^3] = 0.044
-- rhow [kg/m^3] = 0.0249108
-- delta [m] = 0.00124
-- Ny = 1000
-- mu_w [m^2/s] = 6.73838e-06
-- mu_e [m^2/s] = 3.60372e-06

=== Boundary layer values ===
-- Left:   delta = 0.00121917	 u_tau = 34.5228	 Re_tau = 155.598	 Cf = 0.00178664	 x = 0.050107
-- Center: delta = 0.00124	 u_tau = 34.4741	 Re_tau = 158.033	 Cf = 0.00178161	 x = 0.051107
-- Right:  delta = 0.00126077	 u_tau = 34.4265	 Re_tau = 160.457	 Cf = 0.00177668	 x = 0.052107

=== Left state ===
-- PI = 2.24693
-- T[1] = 97.5	T[Ny] = 55.2
-- rho[1] = 0.0249108	rho[Ny] = 0.044

=== Center state ===
-- PI = 2.24312
-- T[1] = 97.5	T[Ny] = 55.2
-- rho[1] = 0.0249108	rho[Ny] = 0.044

=== Right state ===
-- PI = 2.23942
-- T[1] = 97.5	T[Ny] = 55.2
-- rho[1] = 0.0249108	rho[Ny] = 0.044

-- Beginning interpolation
0.0444532	6.47881e-09
0.0887087	1.9408e-08
0.132513	3.87225e-08
0.176285	6.44191e-08
0.219475	9.64143e-08
0.262764	1.34725e-07
0.30537	1.79255e-07
0.348177	2.30035e-07
0.390234	2.86961e-07
0.432556	3.50075e-07
0.474097	4.19267e-07
0.515931	4.94585e-07
0.55699	5.75922e-07
0.598334	6.63325e-07
0.638944	7.56693e-07
0.679793	8.56067e-07
0.719989	9.6136e-07
0.760336	1.0726e-06
0.800152	1.18972e-06
0.839991	1.31272e-06
0.879463	1.44158e-06
0.918861	1.57627e-06
0.958813	1.7169e-06
0.996948	1.86321e-06
1.03643	2.0154e-06
1.07425	2.17324e-06
1.11325	2.33692e-06
1.15079	2.50623e-06
1.1893	2.68133e-06
1.22659	2.86205e-06
1.26459	3.04851e-06
1.30168	3.24058e-06
1.33916	3.43835e-06
1.37609	3.64173e-06
1.41315	3.85076e-06
1.45102	4.06559e-06
1.48657	4.28587e-06
1.52395	4.51191e-06
1.55936	4.74341e-06
1.59621	4.9806e-06
1.63154	5.22329e-06
1.66783	5.47163e-06
1.70313	5.72549e-06
1.73887	5.98495e-06
1.77442	6.25e-06
1.80963	6.52062e-06
1.84591	6.79697e-06
1.87985	7.07872e-06
1.91553	7.36616e-06
1.94955	7.65907e-06
1.98461	7.9576e-06
2.01876	8.26165e-06
2.0534	8.57131e-06
2.08884	8.88673e-06
2.1219	9.20756e-06
2.15692	9.53412e-06
2.18995	9.86614e-06
2.22429	1.02038e-05
2.25757	1.05471e-05
2.29149	1.0896e-05
2.32626	1.12507e-05
2.3585	1.16108e-05
2.39274	1.19767e-05
2.42513	1.23482e-05
2.45861	1.27254e-05
2.49138	1.31081e-05
2.52469	1.34967e-05
2.55877	1.38911e-05
2.59043	1.4291e-05
2.6237	1.46968e-05
2.65584	1.51082e-05
2.68878	1.55254e-05
2.72261	1.59487e-05
2.75373	1.63775e-05
2.78669	1.68122e-05
2.8184	1.72526e-05
2.85102	1.7699e-05
2.8845	1.81514e-05
2.91529	1.86095e-05
2.94783	1.90736e-05
2.97931	1.95435e-05
3.01168	2.00195e-05
3.04466	2.05016e-05
3.07536	2.09895e-05
3.10759	2.14835e-05
3.13971	2.19837e-05
3.17097	2.24898e-05
3.20331	2.30022e-05
3.23416	2.35205e-05
3.2662	2.40451e-05
3.29886	2.45761e-05
3.32914	2.51131e-05
3.3611	2.56564e-05
3.39321	2.62061e-05
3.42383	2.67619e-05
3.45571	2.73242e-05
3.48678	2.78928e-05
3.51826	2.84679e-05
3.55019	2.90494e-05
3.58069	2.96374e-05
3.61248	3.02319e-05
3.64452	3.08331e-05
3.67479	3.14407e-05
3.70655	3.2055e-05
3.73863	3.26761e-05
3.76876	3.33038e-05
3.80051	3.39383e-05
3.83256	3.45797e-05
3.86265	3.52277e-05
3.89441	3.58827e-05
3.92635	3.65447e-05
3.95651	3.72135e-05
3.98828	3.78893e-05
4.02008	3.85723e-05
4.05043	3.92623e-05
4.08219	3.99594e-05
4.11402	4.06639e-05
4.14504	4.13755e-05
4.17617	4.20944e-05
4.20806	4.28207e-05
4.23991	4.35545e-05
4.27027	4.42955e-05
4.30222	4.50441e-05
4.33421	4.58004e-05
4.36457	4.6564e-05
4.39657	4.73354e-05
4.42865	4.81146e-05
4.46032	4.89016e-05
4.49114	4.96963e-05
4.52332	5.04989e-05
4.55554	5.13096e-05
4.5865	5.21281e-05
4.61828	5.29547e-05
4.65062	5.37895e-05
4.68302	5.46326e-05
4.71372	5.54837e-05
4.74604	5.63433e-05
4.77859	5.72112e-05
4.81119	5.80878e-05
4.84202	5.89726e-05
4.87455	5.9866e-05
4.90731	6.07682e-05
4.94014	6.16792e-05
4.97148	6.25988e-05
5.0039	6.35273e-05
5.03691	6.44648e-05
5.06998	6.54114e-05
5.10217	6.63671e-05
5.1342	6.73317e-05
5.16747	6.83057e-05
5.20082	6.92891e-05
5.23425	7.0282e-05
5.26631	7.12841e-05
5.29911	7.22958e-05
5.33276	7.33172e-05
5.36649	7.43484e-05
5.40031	7.53895e-05
5.43282	7.64403e-05
5.4659	7.75011e-05
5.49996	7.85719e-05
5.53411	7.9653e-05
5.56836	8.07444e-05
5.60216	8.18462e-05
5.63528	8.29582e-05
5.66926	8.40807e-05
5.70388	8.52139e-05
5.73859	8.63578e-05
5.7734	8.75127e-05
5.80808	8.86785e-05
5.84179	8.98551e-05
5.87607	9.10427e-05
5.91117	9.22416e-05
5.94649	9.34518e-05
5.98192	9.46735e-05
6.01746	9.59068e-05
6.05311	9.71518e-05
6.08786	9.84084e-05
6.12276	9.96767e-05
6.15815	0.000100957
6.19421	0.000102249
6.23041	0.000103554
6.26673	0.00010487
6.30317	0.0001062
6.33973	0.000107541
6.37641	0.000108896
6.41262	0.000110263
6.44888	0.000111643
6.48531	0.000113036
6.52192	0.000114442
6.55892	0.000115861
6.59633	0.000117293
6.63387	0.000118739
6.67153	0.000120199
6.70932	0.000121673
6.74724	0.00012316
6.78529	0.000124661
6.82347	0.000126177
6.86178	0.000127706
6.90022	0.000129251
6.93879	0.000130809
6.97741	0.000132383
7.01602	0.000133971
7.0548	0.000135574
7.09373	0.000137192
7.13282	0.000138825
7.17208	0.000140474
7.21148	0.000142138
7.25105	0.000143818
7.29077	0.000145514
7.33065	0.000147225
7.37068	0.000148953
7.41086	0.000150697
7.4512	0.000152457
7.49169	0.000154234
7.53233	0.000156027
7.57312	0.000157838
7.61406	0.000159665
7.65514	0.00016151
7.69637	0.000163372
7.73775	0.000165251
7.77924	0.000167149
7.8207	0.000169064
7.86229	0.000170997
7.904	0.000172948
7.94583	0.000174917
7.98779	0.000176905
8.02988	0.000178911
8.07208	0.000180936
8.11441	0.00018298
8.15699	0.000185044
8.19987	0.000187126
8.24292	0.000189228
8.28609	0.00019135
8.32938	0.000193492
8.37279	0.000195654
8.41632	0.000197836
8.45996	0.000200038
8.50348	0.000202261
8.54694	0.000204505
8.59051	0.000206769
8.63419	0.000209055
8.67817	0.000211362
8.7225	0.00021369
8.76694	0.00021604
8.81147	0.000218412
8.85611	0.000220806
8.90084	0.000223222
8.94552	0.000225661
8.98996	0.000228122
9.0345	0.000230606
9.07933	0.000233113
9.1245	0.000235643
9.16978	0.000238196
9.21515	0.000240773
9.26059	0.000243374
9.30612	0.000245999
9.35136	0.000248648
9.39655	0.000251321
9.44203	0.000254019
9.48784	0.000256742
9.53374	0.000259489
9.57971	0.000262262
9.62574	0.00026506
9.67183	0.000267884
9.71753	0.000270733
9.76341	0.000273609
9.80959	0.00027651
9.85594	0.000279438
9.90234	0.000282393
9.94881	0.000285375
9.99532	0.000288383
10.0416	0.000291419
10.0879	0.000294482
10.1345	0.000297573
10.1812	0.000300692
10.228	0.000303839
10.2749	0.000307015
10.3218	0.000310219
10.3686	0.000313452
10.4152	0.000316713
10.4622	0.000320004
10.5093	0.000323325
10.5565	0.000326675
10.6037	0.000330056
10.651	0.000333466
10.6983	0.000336907
10.7454	0.000340379
10.7927	0.000343881
10.8402	0.000347415
10.8877	0.00035098
10.9354	0.000354577
10.9831	0.000358206
11.0308	0.000361867
11.0785	0.00036556
11.1262	0.000369286
11.1741	0.000373045
11.2222	0.000376838
11.2703	0.000380663
11.3184	0.000384523
11.3667	0.000388416
11.415	0.000392344
11.4635	0.000396307
11.5118	0.000400304
11.5603	0.000404336
11.609	0.000408404
11.6578	0.000412508
11.7067	0.000416647
11.7557	0.000420823
11.8048	0.000425036
11.854	0.000429286
11.9033	0.000433572
11.9527	0.000437897
12.0022	0.000442259
12.0518	0.000446659
12.1016	0.000451098
12.1516	0.000455576
12.2017	0.000460093
12.2519	0.000464649
12.3022	0.000469245
12.3527	0.000473882
12.4034	0.000478559
12.4542	0.000483277
12.5051	0.000488036
12.5562	0.000492837
12.6075	0.000497679
12.659	0.000502564
12.7106	0.000507492
12.7624	0.000512463
12.8144	0.000517477
12.8666	0.000522536
12.919	0.000527638
12.9715	0.000532785
13.0243	0.000537977
13.0773	0.000543215
13.1305	0.000548499
13.1839	0.000553828
13.2376	0.000559205
13.2914	0.000564629
13.3455	0.0005701
13.3998	0.00057562
13.4544	0.000581188
13.5092	0.000586804
13.5643	0.000592471
13.6196	0.000598187
13.6751	0.000603953
13.7309	0.00060977
13.787	0.000615639
13.8434	0.000621559
13.9	0.000627532
13.9569	0.000633557
14.0141	0.000639636
14.0715	0.000645768
14.1293	0.000651955
14.1874	0.000658196
14.2457	0.000664493
14.3044	0.000670846
14.3634	0.000677255
14.4227	0.000683721
14.4823	0.000690244
14.5422	0.000696826
14.6025	0.000703467
14.6631	0.000710166
14.724	0.000716926
14.7853	0.000723746
14.8469	0.000730627
14.9089	0.000737569
14.9712	0.000744574
15.0339	0.000751642
15.097	0.000758773
15.1604	0.000765969
15.2242	0.000773229
15.2884	0.000780554
15.3529	0.000787946
15.4179	0.000795405
15.4833	0.000802931
15.549	0.000810525
15.6152	0.000818188
15.6817	0.00082592
15.7487	0.000833723
15.816	0.000841597
15.8838	0.000849542
15.9521	0.00085756
16.0207	0.000865651
16.0898	0.000873816
16.1594	0.000882055
16.2294	0.00089037
16.2998	0.000898762
16.3707	0.00090723
16.442	0.000915777
16.5138	0.000924401
16.5861	0.000933106
16.659	0.000941891
16.7322	0.000950757
16.8059	0.000959705
16.8801	0.000968736
16.9548	0.00097785
17.03	0.00098705
17.1058	0.000996335
17.1821	0.00100571
17.2589	0.00101516
17.3361	0.00102471
17.4139	0.00103435
17.4922	0.00104407
17.5712	0.00105389
17.6507	0.0010638
17.7307	0.00107381
17.8112	0.0010839
17.8922	0.0010941
17.9739	0.00110438
18.0563	0.00111477
18.1392	0.00112525
18.2225	0.00113584
18.3065	0.00114652
18.3911	0.00115731
18.4765	0.00116819
18.5624	0.00117919
18.6488	0.00119028
18.7358	0.00120149
18.8234	0.0012128
18.912	0.00122422
19.001	0.00123574
19.0906	0.00124738
19.1808	0.00125913
19.272	0.001271
19.3638	0.00128298
19.456	0.00129507
19.5489	0.00130728
19.6425	0.00131961
19.7373	0.00133206
19.8324	0.00134463
19.9281	0.00135733
20.0245	0.00137015
20.1221	0.00138309
20.2202	0.00139616
20.3189	0.00140935
20.4183	0.00142268
20.5189	0.00143614
20.6201	0.00144973
20.7217	0.00146345
20.8242	0.00147731
20.928	0.00149131
21.0324	0.00150545
21.1372	0.00151972
21.2429	0.00153414
21.35	0.0015487
21.4576	0.00156341
21.5658	0.00157826
21.6748	0.00159326
21.7855	0.00160841
21.8965	0.00162371
22.0081	0.00163917
22.121	0.00165478
22.2351	0.00167055
22.3495	0.00168648
22.4647	0.00170257
22.5817	0.00171883
22.6993	0.00173524
22.8173	0.00175183
22.9365	0.00176858
23.0574	0.00178551
23.1786	0.0018026
23.3005	0.00181987
23.4243	0.00183732
23.5489	0.00185495
23.6739	0.00187276
23.8001	0.00189075
23.9282	0.00190893
24.0567	0.00192729
24.1858	0.00194585
24.3172	0.00196459
24.4492	0.00198353
24.5816	0.00200267
24.7158	0.00202201
24.8515	0.00204155
24.9875	0.00206129
25.1248	0.00208124
25.2642	0.0021014
25.404	0.00212177
25.5445	0.00214236
25.6878	0.00216316
25.8314	0.00218418
25.9756	0.00220543
26.1222	0.00222689
26.2699	0.00224859
26.418	0.00227052
26.5681	0.00229268
26.72	0.00231508
26.8722	0.00233771
27.026	0.00236059
27.1821	0.00238372
27.3386	0.00240709
27.4963	0.00243071
27.6568	0.00245459
27.8176	0.00247873
27.9793	0.00250312
28.1443	0.00252778
28.3096	0.00255271
28.4756	0.00257791
28.6451	0.00260339
28.8151	0.00262914
28.9856	0.00265518
29.1598	0.0026815
29.3346	0.00270811
29.5098	0.00273501
29.6888	0.0027622
29.8685	0.0027897
30.0487	0.0028175
30.2327	0.00284561
30.4175	0.00287403
30.6028	0.00290277
30.7919	0.00293183
30.982	0.00296121
31.1726	0.00299092
31.3671	0.00302096
31.5627	0.00305134
31.7587	0.00308206
31.9589	0.00311313
32.16	0.00314455
32.3618	0.00317632
32.5677	0.00320845
32.7746	0.00324095
32.9824	0.00327381
33.1943	0.00330706
33.4072	0.00334068
33.6212	0.00337468
33.8392	0.00340907
34.0583	0.00344386
34.2788	0.00347905
34.5032	0.00351464
34.7287	0.00355065
34.9559	0.00358707
35.187	0.00362391
35.4191	0.00366118
35.6533	0.00369888
35.8912	0.00373703
36.1301	0.00377562
36.3716	0.00381466
36.6166	0.00385415
36.8627	0.00389411
37.1117	0.00393454
37.3641	0.00397545
37.6175	0.00401684
37.8743	0.00405872
38.1343	0.0041011
38.3953	0.00414398
38.6604	0.00418737
38.9283	0.00423128
39.1972	0.00427571
39.4707	0.00432067
39.7468	0.00436618
40.0242	0.00441223
40.3062	0.00445883
40.5909	0.004506
40.8772	0.00455374
41.1678	0.00460206
41.4613	0.00465096
41.7569	0.00470045
42.0566	0.00475055
42.3592	0.00480127
42.6645	0.0048526
42.9735	0.00490456
43.2856	0.00495716
43.6008	0.0050104
43.9196	0.00506431
44.2415	0.00511887
44.5672	0.00517412
44.896	0.00523005
45.2282	0.00528667
45.5646	0.005344
45.904	0.00540204
46.2467	0.00546081
46.5944	0.00552031
46.9446	0.00558057
47.2984	0.00564157
47.6577	0.00570335
48.0193	0.00576591
48.3846	0.00582926
48.7559	0.00589341
49.1292	0.00595837
49.5067	0.00602416
49.8902	0.00609079
50.2758	0.00615828
50.6661	0.00622662
51.0623	0.00629584
51.4605	0.00636595
51.8639	0.00643696
52.2733	0.00650889
52.6848	0.00658175
53.1017	0.00665555
53.5248	0.00673031
53.9502	0.00680604
54.3811	0.00688276
54.8186	0.00696048
55.2584	0.00703921
55.7037	0.00711897
56.1562	0.00719979
56.6111	0.00728166
57.0713	0.00736461
57.5394	0.00744866
58.01	0.00753382
58.4855	0.00762011
58.97	0.00770755
59.4569	0.00779615
59.9484	0.00788592
60.4498	0.0079769
60.9539	0.0080691
61.4617	0.00816253
61.9809	0.00825722
62.5028	0.00835318
63.0279	0.00845044
63.5646	0.00854901
64.1052	0.00864891
64.6492	0.00875017
65.2036	0.00885281
65.7638	0.00895684
66.3274	0.00906229
66.9001	0.00916918
67.4808	0.00927754
68.0649	0.00938739
68.6564	0.00949874
69.2582	0.00961163
69.8638	0.00972607
70.4751	0.00984209
71.0979	0.00995973
71.7262	0.010079
72.3586	0.0101999
73.0033	0.0103225
73.6554	0.0104468
74.3114	0.0105729
74.9771	0.0107007
75.6525	0.0108303
76.3336	0.0109618
77.0221	0.011095
77.7214	0.0112302
78.4289	0.0113673
79.1411	0.0115063
79.8655	0.0116473
80.5984	0.0117903
81.3381	0.0119353
82.0876	0.0120824
82.8469	0.0122316
83.6151	0.012383
84.3906	0.0125365
85.1779	0.0126922
85.9739	0.0128501
86.779	0.0130104
87.5947	0.0131729
88.4197	0.0133378
89.2545	0.0135051
90.0987	0.0136748
90.956	0.013847
91.8213	0.0140217
92.6971	0.0141989
93.585	0.0143788
94.4839	0.0145612
95.3917	0.0147464
96.3106	0.0149342
97.2443	0.0151249
98.1874	0.0153183
99.1401	0.0155146
100.104	0.0157138
101.086	0.015916
102.076	0.0161211
103.076	0.0163293
104.09	0.0165407
105.121	0.0167551
106.161	0.0169728
107.211	0.0171937
108.275	0.017418
109.359	0.0176456
110.452	0.0178766
111.554	0.0181111
112.672	0.0183492
113.81	0.0185909
114.959	0.0188362
116.119	0.0190852
117.291	0.019338
118.487	0.0195947
119.696	0.0198553
120.916	0.0201198
122.148	0.0203884
123.401	0.0206611
124.672	0.020938
125.957	0.0212192
127.253	0.0215046
128.567	0.0217945
129.902	0.0220888
131.254	0.0223877
132.62	0.0226912
133.998	0.0229994
135.4	0.0233124
136.82	0.0236302
138.258	0.023953
139.712	0.0242808
141.18	0.0246138
142.673	0.0249519
144.184	0.0252953
145.714	0.0256441
147.262	0.0259984
148.827	0.0263582
150.415	0.0267237
152.023	0.027095
153.651	0.0274721
155.3	0.0278552
156.966	0.0282443
158.658	0.0286396
160.369	0.0290411
162.101	0.029449
163.855	0.0298634
165.63	0.0302844
167.432	0.0307121
169.253	0.0311466
171.096	0.031588
172.962	0.0320365
174.851	0.0324922
176.766	0.0329551
178.709	0.0334255
180.672	0.0339034
182.657	0.0343891
184.666	0.0348825
186.7	0.0353838
188.763	0.0358932
190.858	0.0364109
192.974	0.0369369
195.11	0.0374714
197.273	0.0380146
199.463	0.0385665
201.681	0.0391274
203.935	0.0396973
206.217	0.0402766
208.52	0.0408652
210.847	0.0414634
213.202	0.0420713
215.586	0.0426891
218.004	0.0433169
220.457	0.043955
222.938	0.0446035
225.447	0.0452626
227.98	0.0459324
230.541	0.0466131
233.132	0.047305
235.761	0.0480081
238.425	0.0487228
241.12	0.0494492
243.847	0.0501874
246.603	0.0509378
249.385	0.0517004
252.196	0.0524755
255.042	0.0532632
257.93	0.0540639
260.851	0.0548777
263.805	0.0557048
266.792	0.0565455
269.813	0.0574
272.861	0.0582684
275.937	0.0591511
279.051	0.0600481
282.207	0.0609599
285.398	0.0618866
288.623	0.0628285
291.882	0.0637858
295.176	0.0647587
298.504	0.0657476
301.859	0.0667525
305.244	0.0677739
308.676	0.0688119
312.143	0.0698668
315.645	0.0709389
319.181	0.0720284
322.752	0.0731357
326.358	0.0742609
329.996	0.0754044
333.66	0.0765664
337.362	0.0777471
341.103	0.0789469
344.878	0.0801661
348.686	0.081405
352.528	0.0826638
356.402	0.0839427
360.309	0.0852422
364.241	0.0865625
368.201	0.0879038
372.2	0.0892664
376.23	0.0906508
380.29	0.092057
384.38	0.0934856
388.498	0.0949366
392.644	0.0964105
396.812	0.0979076
400.997	0.0994279
405.219	0.100972
409.465	0.10254
413.736	0.104133
418.029	0.10575
422.343	0.107391
426.678	0.109058
431.013	0.110751
435.368	0.112469
439.751	0.114213
444.148	0.115983
448.558	0.11778
452.981	0.119604
457.406	0.121455
461.817	0.123333
466.242	0.125238
470.685	0.127172
475.13	0.129133
479.575	0.131123
484.009	0.133141
488.411	0.135187
492.8	0.137263
497.211	0.139367
501.609	0.141501
505.992	0.143664
510.326	0.145857
514.608	0.148079
518.888	0.150331
523.165	0.152613
527.413	0.154925
531.584	0.157266
535.68	0.159638
539.75	0.16204
543.82	0.164472
547.815	0.166934
551.708	0.169426
555.521	0.171948
559.31	0.174499
563.043	0.177081
566.649	0.179692
570.147	0.182333
573.577	0.185003
576.95	0.187702
580.171	0.190429
583.269	0.193185
586.27	0.195969
589.172	0.198781
591.902	0.20162
594.508	0.204486
596.965	0.207378
599.28	0.210296
601.441	0.213239
603.376	0.216206
605.211	0.219198
606.867	0.222212
608.255	0.225249
609.496	0.228307
610.567	0.231385
611.325	0.234483
611.926	0.2376
612.306	0.240734
612.349	0.243884
612.283	0.24705
611.877	0.250229
611.147	0.253421
610.263	0.256624
608.99	0.259836
607.476	0.263056
605.655	0.266283
603.452	0.269514
601.042	0.272749
598.199	0.275984
595.082	0.279219
591.578	0.28245
587.709	0.285677
583.5	0.288896
578.86	0.292106
573.903	0.295305
568.477	0.298489
562.73	0.301657
556.509	0.304805
549.932	0.307932
542.872	0.311034
535.433	0.314109
527.491	0.317154
519.172	0.320165
510.387	0.323141
501.05	0.326076
491.454	0.32897
481.192	0.331818
470.593	0.334617
459.539	0.337364
447.853	0.340054
435.868	0.342686
423.37	0.345255
410.74	0.34776
399.389	0.350207
390.028	0.35261
382.841	0.35498
348.305	0.357147
290.578	0.358964
233.578	0.360432
178.385	0.361558
123.165	0.36234
67.6428	0.362772
11.8158	0.362847
-0	0.362847
-0	0.362847
-0	0.362847
-0	0.362847
-0	0.362847
-0	0.362847
-0	0.362847
-0	0.362847
-0	0.362847
-0	0.362847
-0	0.362847
-0	0.362847
-0	0.362847
-0	0.362847
-0	0.362847
-0	0.362847
-0	0.362847
-0	0.362847
-0	0.362847
-0	0.362847
-0	0.362847
-0	0.362847
-0	0.362847
-0	0.362847
-0	0.362847
-0	0.362847
-0	0.362847
-0	0.362847
-0	0.362847
-0	0.362847
-0	0.362847
-0	0.362847
-0	0.362847
-0	0.362847
-0	0.362847
-0	0.362847
-0	0.362847
-0	0.362847
-0	0.362847
-0	0.362847
-0	0.362847
-0	0.362847
-0	0.362847
-0	0.362847
-0	0.362847
-0	0.362847
-0	0.362847
-0	0.362847
-0	0.362847
-0	0.362847
-0	0.362847
-0	0.362847
-0	0.362847
-0	0.362847
-0	0.362847
-0	0.362847
-0	0.362847
-0	0.362847
-0	0.362847
-0	0.362847
-0	0.362847
-0	0.362847
-0	0.362847
-0	0.362847
-0	0.362847
-0	0.362847
-0	0.362847
-0	0.362847
-0	0.362847
-0	0.362847
-0	0.362847
-0	0.362847
-0	0.362847
-0	0.362847
-0	0.362847
-0	0.362847
-0	0.362847
-0	0.362847
-0	0.362847
-0	0.362847
-0	0.362847
-0	0.362847
-0	0.362847
-0	0.362847
-0	0.362847
-0	0.362847
-0	0.362847
-0	0.362847
-0	0.362847
-0	0.362847
-0	0.362847
-0	0.362847
-0	0.362847
-0	0.362847
-0	0.362847
-0	0.362847
-0	0.362847
-0	0.362847
-0	0.362847
-0	0.362847
-0	0.362847
-0	0.362847
-0	0.362847
-0	0.362847
-- h_cutoff = 0.00206559

-- Program finished.
